datetime,arrivals
1371154440,1
1371157920,1
1371158340,1
1371159240,1
1371159480,1
1371159960,1
1371160140,1
1371160560,1
1371160680,1
1371161580,1
1371166620,1
1371167760,3
1371167880,8
1371167940,3
1371168000,1
1371168060,1
1371202320,1
1371204840,1
1371212280,1
1371214020,1
1371214080,1
1371217200,1
1371219120,1
1371219240,1
1371220500,2
1371220620,1
1371221460,1
1371222300,1
1371222540,1
1371226440,1
1371228900,1
1371229500,1
1371231180,1
1371231240,1
1371231720,1
1371231960,2
1371233400,1
1371234360,1
1371236460,2
1371236520,1
1371236880,1
1371237780,3
1371238620,1
1371239100,1
1371240000,1
1371240780,1
1371240900,1
1371244680,2
1371245400,1
1371245520,1
1371245880,2
1371246540,1
1371247020,1
1371247320,1
1371247620,1
1371247800,1
1371247920,1
1371248220,1
1371250080,2
1371250680,1
1371251520,1
1371253680,1
1371256800,1
1371257880,2
1371267420,2
1371272220,1
1371293100,1
1371296280,1
1371299100,1
1371299820,1
1371300300,3
1371300420,1
1371300720,1
1371301560,1
1371303720,1
1371303960,1
1371304020,1
1371305340,2
1371305580,1
1371305640,1
1371305700,1
1371307680,1
1371307980,1
1371308160,1
1371309420,1
1371310620,1
1371310980,2
1371311100,2
1371311400,1
1371311640,1
1371312360,2
1371313260,1
1371315240,1
1371315420,3
1371315900,2
1371316140,1
1371316380,1
1371316740,2
1371317220,1
1371317280,1
1371317640,1
1371318300,1
1371318600,3
1371319020,3
1371320280,1
1371321420,1
1371322080,1
1371323280,1
1371323400,4
1371323580,1
1371323820,1
1371324180,1
1371324900,1
1371325260,1
1371325440,1
1371325800,1
1371326280,1
1371326640,1
1371327840,2
1371328020,1
1371328200,1
1371328920,1
1371328980,1
1371329160,1
1371329640,1
1371329700,1
1371330060,2
1371331140,3
1371331860,1
1371332580,2
1371332640,1
1371332700,1
1371334980,2
1371335880,3
1371335940,2
1371337260,2
1371337740,1
1371337860,1
1371339300,1
1371339360,1
1371339420,1
1371340440,3
1371342000,2
1371343020,1
1371343080,1
1371343260,3
1371343320,1
1371344760,1
1371344820,1
1371351060,1
1371352140,1
1371352200,1
1371354960,2
1371355920,2
1371358380,2
1371370320,2
1371370860,1
1371380820,1
1371381300,2
1371383580,3
1371383640,1
1371388560,1
1371389580,2
1371391680,1
1371391740,1
1371393600,1
1371395100,3
1371395280,3
1371395940,1
1371396000,1
1371398580,2
1371398700,1
1371400440,1
1371400500,1
1371400980,1
1371401820,1
1371402420,1
1371402780,1
1371402960,1
1371403740,1
1371404280,2
1371404700,1
1371405720,2
1371406260,1
1371406440,3
1371406800,3
1371406980,1
1371407040,1
1371407460,1
1371408180,1
1371408900,3
1371409080,2
1371409380,2
1371409440,1
1371409680,2
1371409740,3
1371409980,3
1371410100,1
1371410220,1
1371410700,1
1371411780,1
1371412740,1
1371413160,1
1371414120,2
1371414480,1
1371414840,1
1371415680,1
1371416580,2
1371417360,1
1371417420,1
1371417660,1
1371417900,1
1371418260,1
1371418500,1
1371418860,3
1371418920,2
1371419160,1
1371419280,1
1371419460,1
1371419880,1
1371420780,1
1371424260,2
1371424800,1
1371425040,1
1371425100,1
1371425400,1
1371425580,1
1371426480,2
1371426660,1
1371427620,3
1371428580,3
1371429360,3
1371429600,1
1371430740,4
1371433080,1
1371434340,1
1371463680,1
1371469920,1
1371471180,1
1371472200,2
1371473160,1
1371474060,1
1371474120,1
1371474960,1
1371476940,1
1371477240,1
1371477600,1
1371478560,1
1371478920,1
1371479700,1
1371480000,2
1371480660,1
1371482940,1
1371483240,1
1371485940,1
1371487320,1
1371488280,3
1371488400,1
1371489720,1
1371489840,1
1371489900,2
1371490200,2
1371490260,1
1371491880,2
1371493140,1
1371493260,1
1371494760,1
1371495780,1
1371497100,2
1371497520,1
1371500700,1
1371501660,1
1371503040,2
1371504180,1
1371505140,2
1371506040,3
1371506280,1
1371507600,2
1371508140,1
1371508320,1
1371508920,1
1371509340,1
1371510000,2
1371510360,2
1371511020,1
1371511200,1
1371511260,1
1371511680,1
1371512880,1
1371514680,1
1371515100,1
1371516000,1
1371523500,1
1371531420,2
1371533460,2
1371548220,2
1371549840,1
1371553380,1
1371556020,1
1371558000,1
1371558420,1
1371559080,1
1371560160,1
1371560700,2
1371560820,1
1371560940,1
1371561060,1
1371561300,1
1371561720,1
1371562080,1
1371562440,1
1371563160,1
1371564540,1
1371567120,1
1371568080,1
1371569460,1
1371569940,1
1371570840,1
1371573360,1
1371573540,1
1371574260,2
1371574680,1
1371574860,1
1371575520,2
1371576060,1
1371579960,1
1371582300,1
1371584820,1
1371585120,1
1371585240,1
1371585420,1
1371585660,2
1371592260,2
1371592320,1
1371595500,1
1371596580,1
1371631080,2
1371631380,1
1371635940,1
1371640860,1
1371642660,1
1371645480,1
1371647100,1
1371647640,1
1371648000,1
1371648480,2
1371649080,1
1371650040,1
1371650580,1
1371650820,1
1371651840,1
1371653580,1
1371655200,1
1371655440,1
1371657300,1
1371658620,1
1371658860,1
1371658980,1
1371659040,1
1371659340,1
1371660540,1
1371661500,2
1371663060,1
1371664500,1
1371665040,1
1371666060,1
1371666480,1
1371666900,1
1371667500,1
1371670560,1
1371671100,1
1371671940,1
1371673800,2
1371677520,1
1371678660,1
1371679080,2
1371679380,1
1371679860,1
1371680520,1
1371680820,1
1371681480,1
1371681960,1
1371682080,3
1371682980,1
1371683040,1
1371683280,1
1371684240,2
1371684420,1
1371685680,1
1371686820,1
1371687180,1
1371688860,1
1371689220,1
1371692280,1
1371693060,1
1371693420,1
1371696180,1
1371697140,1
1371699480,1
1371724860,3
1371727200,1
1371729240,1
1371729300,1
1371730980,1
1371731100,1
1371733260,1
1371733920,1
1371734040,1
1371734280,1
1371734340,1
1371735000,2
1371735600,1
1371736440,2
1371737040,2
1371737760,1
1371738120,2
1371738720,1
1371738960,2
1371739200,1
1371739680,1
1371741000,1
1371741240,1
1371742500,1
1371743280,1
1371743520,2
1371744300,2
1371746280,1
1371747060,1
1371748140,1
1371748320,2
1371748860,1
1371749040,1
1371749700,1
1371750240,1
1371750540,2
1371752460,1
1371753420,2
1371755340,1
1371756120,2
1371759660,1
1371760020,2
1371762300,1
1371762480,1
1371763920,4
1371763980,2
1371764940,1
1371765840,1
1371765960,1
1371766080,1
1371766260,2
1371766440,1
1371766500,1
1371766920,1
1371766980,1
1371767280,1
1371769020,1
1371770820,1
1371771300,2
1371771600,1
1371772260,1
1371772440,1
1371772800,1
1371773280,1
1371773460,1
1371773580,1
1371774000,1
1371774480,1
1371774600,1
1371775020,2
1371775440,1
1371777840,3
1371779220,1
1371780120,1
1371781380,1
1371811200,1
1371814800,1
1371815160,1
1371817500,1
1371817920,1
1371818220,1
1371818400,1
1371819960,2
1371820380,1
1371820500,1
1371820620,1
1371821100,1
1371822480,1
1371822540,1
1371822660,1
1371823380,1
1371824280,1
1371824580,1
1371824640,1
1371825180,3
1371825240,1
1371827760,1
1371829080,2
1371829380,1
1371829980,1
1371830400,1
1371830520,1
1371831480,1
1371831660,1
1371832560,2
1371835440,2
1371835500,1
1371840000,1
1371840120,1
1371840360,1
1371840960,3
1371841500,2
1371841860,1
1371841920,1
1371843420,1
1371843960,2
1371844380,1
1371844620,1
1371844680,1
1371844740,1
1371845520,1
1371845820,2
1371846420,1
1371846480,1
1371848460,1
1371849540,1
1371849660,1
1371850680,1
1371850860,1
1371851940,2
1371853680,1
1371853860,1
1371854100,2
1371854280,2
1371855660,2
1371856080,2
1371856380,1
1371856860,1
1371857280,3
1371857400,1
1371857460,1
1371857940,4
1371859440,1
1371860280,1
1371860880,1
1371862380,2
1371862680,1
1371863400,1
1371863820,1
1371865320,2
1371866100,1
1371866760,1
1371868080,3
1371873300,2
1371877080,1
1371877860,1
1371881520,1
1371893400,1
1371897180,5
1371897300,1
1371897780,1
1371901020,1
1371901440,2
1371903000,1
1371903480,1
1371903600,1
1371903840,1
1371906060,1
1371907020,1
1371907080,1
1371907980,1
1371909060,1
1371909600,2
1371911040,1
1371911280,1
1371914160,2
1371916020,1
1371916140,1
1371916440,1
1371917040,1
1371918120,2
1371918420,2
1371918540,1
1371919320,1
1371919740,1
1371919860,1
1371920640,2
1371920820,1
1371921060,1
1371921300,2
1371921900,1
1371922620,2
1371923880,1
1371924180,1
1371924540,1
1371924780,1
1371924900,2
1371926400,1
1371926700,1
1371927840,1
1371928200,1
1371928800,1
1371930180,1
1371931680,1
1371932340,2
1371932700,2
1371932880,1
1371932940,1
1371933720,2
1371934020,1
1371934740,1
1371935280,1
1371936000,1
1371936240,1
1371936480,1
1371937320,1
1371937800,1
1371938040,1
1371938640,2
1371939180,3
1371939300,1
1371939600,1
1371939720,2
1371940080,1
1371940320,1
1371940680,1
1371940920,1
1371943560,1
1371943980,1
1371944940,2
1371945240,1
1371945540,2
1371945900,1
1371946320,1
1371949620,1
1371949860,1
1371949980,1
1371951060,1
1371951240,2
1371951420,1
1371953100,1
1371955440,1
1371955560,1
1371959880,1
1371960120,1
1371960300,1
1371961140,1
1371961680,2
1371962700,1
1371962880,1
1371965340,2
1371977400,1
1371983400,1
1371986460,1
1371993540,1
1371995340,1
1371995760,1
1371995820,1
1371996120,1
1371996480,1
1371998100,1
1371998520,1
1371998640,1
1371998940,1
1371999000,1
1371999300,1
1371999720,1
1371999780,1
1372000140,1
1372001340,2
1372001760,1
1372001880,2
1372002060,1
1372003500,1
1372006440,1
1372007040,1
1372008180,1
1372008420,3
1372008780,2
1372009200,1
1372009560,1
1372012440,1
1372013520,1
1372014240,1
1372014300,1
1372014780,4
1372016940,1
1372017060,1
1372018200,1
1372018260,1
1372019100,2
1372019640,1
1372019940,1
1372020840,1
1372021440,1
1372021920,2
1372022760,2
1372023600,3
1372024140,2
1372024560,3
1372024740,1
1372025280,2
1372025940,1
1372027440,2
1372027860,1
1372028160,1
1372028340,4
1372029180,2
1372029240,1
1372030080,1
1372030380,1
1372031580,1
1372032240,1
1372032360,2
1372032780,1
1372033920,2
1372034040,1
1372034220,1
1372035060,1
1372035180,1
1372035600,2
1372035660,2
1372036920,1
1372038060,1
1372042560,1
1372042620,3
1372043220,1
1372043280,1
1372044000,2
1372045740,1
1372066200,1
1372066380,1
1372069140,1
1372070160,1
1372075080,1
1372075680,1
1372076580,1
1372078500,1
1372078800,1
1372079760,1
1372079940,1
1372080180,1
1372080300,1
1372081080,1
1372081380,2
1372081980,1
1372082040,1
1372082460,1
1372083060,1
1372085460,3
1372086540,1
1372087080,1
1372088100,1
1372091160,1
1372092960,1
1372093260,1
1372093560,1
1372093800,1
1372093860,1
1372098480,1
1372100040,1
1372101900,1
1372104540,1
1372105560,1
1372108620,1
1372109640,1
1372110360,1
1372110660,1
1372110720,2
1372110840,1
1372111080,1
1372111380,1
1372111800,1
1372112700,1
1372112880,1
1372113000,1
1372113120,1
1372114020,1
1372114680,1
1372114740,1
1372114860,1
1372115400,1
1372116480,1
1372117500,1
1372117560,1
1372119660,3
1372119960,1
1372121820,1
1372122000,1
1372122300,1
1372123260,1
1372123800,1
1372123980,1
1372124160,2
1372125840,1
1372131000,1
1372133400,1
1372133460,1
1372139640,5
1372143960,1
1372148040,1
1372154880,1
1372155120,1
1372155780,1
1372156620,1
1372160400,1
1372161000,1
1372161780,1
1372162560,1
1372164120,1
1372164360,1
1372164420,1
1372165680,1
1372165920,2
1372166880,5
1372167840,1
1372168020,1
1372169820,4
1372171380,1
1372171620,1
1372172520,1
1372173000,1
1372173300,1
1372174260,2
1372175580,1
1372175700,3
1372176120,1
1372180380,1
1372182840,1
1372182960,1
1372183260,1
1372183440,1
1372185000,1
1372185180,1
1372185720,1
1372186200,1
1372186260,1
1372188360,1
1372188420,1
1372190220,1
1372190280,1
1372190760,1
1372191000,1
1372191180,1
1372191900,1
1372192380,1
1372193040,1
1372193160,1
1372193280,2
1372195560,1
1372195980,1
1372196160,2
1372197240,1
1372197480,2
1372198200,2
1372199580,2
1372200180,3
1372201620,1
1372201680,1
1372201740,1
1372201920,2
1372202160,1
1372202340,1
1372203900,1
1372204500,2
1372205160,1
1372206180,1
1372206600,1
1372207140,1
1372208580,1
1372211760,1
1372214280,1
1372218720,1
1372223220,1
1372224120,1
1372241700,1
1372245060,1
1372245240,2
1372246740,1
1372247100,2
1372247580,1
1372249500,1
1372249680,1
1372250460,1
1372251180,1
1372251300,1
1372251540,1
1372252200,1
1372252440,1
1372252740,1
1372253280,1
1372253460,2
1372253700,2
1372254360,1
1372254600,1
1372255080,1
1372256460,1
1372257000,1
1372258860,1
1372260000,1
1372260060,1
1372261500,1
1372261560,1
1372261620,1
1372262400,1
1372262460,1
1372263120,1
1372263480,1
1372265880,1
1372267740,1
1372270200,1
1372270620,2
1372273800,1
1372275240,1
1372276260,2
1372277940,1
1372278120,1
1372279800,1
1372280580,2
1372282500,2
1372283520,1
1372286160,2
1372287360,3
1372287540,1
1372287660,1
1372289700,1
1372292580,1
1372294080,2
1372294380,1
1372294440,1
1372296240,1
1372296480,1
1372297560,1
1372303320,1
1372305060,1
1372306320,1
1372306380,6
1372306440,1
1372325520,1
1372326240,1
1372328400,1
1372328580,1
1372328760,1
1372330200,1
1372330380,1
1372333080,1
1372334940,1
1372336500,1
1372336980,1
1372337760,3
1372338660,1
1372339200,2
1372339560,1
1372339800,1
1372340400,1
1372342680,1
1372345320,1
1372346940,1
1372347900,1
1372348500,1
1372350240,1
1372350480,1
1372351440,1
1372351740,1
1372359420,1
1372360500,1
1372361040,1
1372363020,1
1372363920,1
1372364580,1
1372364640,1
1372364760,1
1372365840,1
1372370520,3
1372370760,1
1372375140,1
1372375380,1
1372375680,1
1372376280,1
1372377660,1
1372378740,1
1372379940,1
1372414200,1
1372415760,1
1372416660,1
1372417380,1
1372417860,1
1372420080,1
1372420620,1
1372421220,1
1372423080,1
1372423440,1
1372424040,2
1372424760,2
1372424880,2
1372425540,2
1372426560,1
1372427640,3
1372427880,1
1372428180,1
1372428540,1
1372429140,1
1372429320,2
1372431300,1
1372431660,1
1372432740,1
1372432980,1
1372434060,2
1372434900,1
1372436880,1
1372438860,1
1372439760,1
1372440000,1
1372440720,1
1372441260,1
1372442040,1
1372442340,1
1372442580,1
1372442880,1
1372443360,1
1372443720,2
1372444320,1
1372446000,2
1372446300,1
1372446720,1
1372447080,1
1372447200,1
1372447260,1
1372447980,1
1372448040,2
1372448400,1
1372448880,1
1372449180,1
1372449240,2
1372449720,1
1372450020,1
1372450680,1
1372451280,1
1372452120,2
1372452360,1
1372453080,1
1372453200,1
1372453860,1
1372454520,1
1372454880,1
1372455780,1
1372456260,1
1372456980,1
1372457700,1
1372457820,9
1372458360,1
1372458900,1
1372459440,1
1372459560,1
1372459620,1
1372460040,1
1372461060,1
1372461780,1
1372462320,1
1372462440,1
1372462740,1
1372462860,1
1372462980,1
1372463220,1
1372463880,4
1372463940,1
1372465020,1
1372466280,1
1372466520,1
1372470000,2
1372470060,1
1372473300,2
1372474380,1
1372477560,1
1372481340,2
1372482120,1
1372492740,2
1372501140,1
1372501320,1
1372506300,1
1372508880,1
1372509120,1
1372509480,1
1372510620,2
1372511580,1
1372512240,1
1372512840,2
1372514280,1
1372515480,1
1372515900,2
1372516800,1
1372516980,1
1372518120,1
1372518300,3
1372519560,1
1372520220,1
1372521720,1
1372523400,1
1372523460,1
1372525320,1
1372525440,1
1372527120,2
1372527420,1
1372528680,3
1372529160,1
1372529280,2
1372529520,1
1372529580,2
1372530240,1
1372530420,2
1372530540,1
1372531020,2
1372533600,2
1372533660,1
1372534440,1
1372535340,3
1372535520,3
1372537140,1
1372537260,1
1372537320,1
1372537440,1
1372537560,1
1372540800,1
1372542780,1
1372542840,1
1372543500,1
1372543800,2
1372546920,1
1372547460,1
1372548660,1
1372549680,3
1372551120,1
1372551600,3
1372552080,1
1372552740,1
1372553100,1
1372553220,1
1372556760,3
1372557720,1
1372559220,1
1372559280,1
1372561320,2
1372566480,3
1372567620,2
1372568100,2
1372569720,2
1372569840,1
1372588020,2
1372592520,1
1372592820,1
1372594800,1
1372596240,1
1372596540,1
1372597320,1
1372599240,1
1372599960,1
1372600140,1
1372600320,2
1372600440,1
1372601340,1
1372602420,1
1372603440,1
1372603740,1
1372604820,1
1372605780,1
1372606920,1
1372607400,1
1372607760,1
1372608540,1
1372609980,1
1372610340,1
1372610520,2
1372613040,1
1372614000,1
1372616520,2
1372617120,1
1372617420,3
1372618140,1
1372619520,1
1372619760,3
1372620420,1
1372621080,1
1372622160,2
1372623300,3
1372623360,1
1372624140,1
1372624800,1
1372624920,2
1372625760,1
1372627680,2
1372628100,1
1372628460,1
1372629600,1
1372630800,1
1372631460,1
1372631640,1
1372633260,1
1372633620,1
1372633680,1
1372633860,1
1372634820,1
1372634880,1
1372636020,2
1372636140,2
1372636560,1
1372637400,1
1372638120,1
1372638180,1
1372639440,1
1372639500,2
1372639560,1
1372640640,1
1372642380,1
1372642440,1
1372647060,1
1372647120,1
1372663080,1
1372673460,1
1372674600,1
1372675620,1
1372679940,1
1372681680,1
1372682520,1
1372687020,5
1372687620,1
1372688040,1
1372692960,1
1372699560,1
1372700400,1
1372706580,1
1372708200,1
1372711860,2
1372713060,1
1372713840,1
1372717980,1
1372719000,1
1372720200,1
1372720980,1
1372721460,1
1372726440,1
1372726920,1
1372728540,1
1372728960,1
1372729740,1
1372730520,2
1372732020,2
1372734120,1
1372735980,1
1372741140,1
1372759440,1
1372760880,1
1372761300,1
1372763400,1
1372764780,1
1372765800,1
1372766880,1
1372767420,1
1372768260,1
1372773720,2
1372773780,1
1372773960,1
1372774140,1
1372774260,1
1372775280,1
1372775520,1
1372775640,1
1372776540,1
1372776900,1
1372779180,1
1372781580,2
1372783140,1
1372783320,1
1372786380,2
1372788480,1
1372788900,1
1372790700,1
1372791120,1
1372791720,1
1372792440,1
1372793100,1
1372794480,1
1372796520,1
1372797060,1
1372798140,1
1372799580,1
1372800000,2
1372800600,1
1372801500,1
1372801740,1
1372802100,1
1372802340,1
1372802580,2
1372804440,3
1372804800,1
1372805160,1
1372805520,1
1372805640,1
1372806840,1
1372807620,2
1372808280,1
1372808520,1
1372808700,1
1372809240,1
1372810020,1
1372810920,1
1372812060,1
1372812720,1
1372812960,1
1372813320,1
1372813860,1
1372816860,1
1372817940,1
1372824120,1
1372828500,1
1372838040,1
1372846320,1
1372846980,1
1372848000,1
1372848720,1
1372849140,1
1372849440,1
1372850280,1
1372851060,1
1372851660,1
1372853940,1
1372855560,1
1372855920,1
1372856340,1
1372856820,1
1372856880,1
1372858500,1
1372858740,1
1372860360,1
1372860660,1
1372860780,1
1372861620,1
1372861680,1
1372861800,1
1372862340,1
1372863540,1
1372863840,1
1372864740,1
1372866000,1
1372866120,1
1372866180,1
1372866300,1
1372867980,1
1372868820,1
1372868940,1
1372869540,1
1372869720,1
1372872660,1
1372873680,1
1372874460,1
1372874640,1
1372875120,1
1372875600,1
1372876860,1
1372877040,1
1372878780,1
1372879440,1
1372880040,4
1372881420,1
1372881540,1
1372881840,1
1372882080,1
1372882380,1
1372883820,1
1372884360,1
1372884420,1
1372885860,1
1372886400,1
1372887480,1
1372888320,2
1372888920,1
1372889640,1
1372890180,1
1372891380,1
1372892700,1
1372893780,3
1372895160,2
1372895820,1
1372899780,1
1372900020,1
1372900680,2
1372902660,2
1372905420,1
1372909200,1
1372910580,1
1372911720,1
1372914180,1
1372917840,1
1372923000,1
1372933200,1
1372938840,1
1372940040,1
1372943580,1
1372944120,2
1372944300,1
1372945320,2
1372945560,1
1372947780,1
1372947900,1
1372950000,1
1372950120,1
1372950240,1
1372950780,1
1372951680,2
1372951980,1
1372952100,1
1372952280,1
1372953300,1
1372953360,2
1372953780,2
1372955820,1
1372956900,1
1372956960,1
1372957080,1
1372959000,4
1372959240,1
1372959600,1
1372960020,1
1372960080,3
1372960320,2
1372960440,1
1372960560,1
1372960800,1
1372961280,1
1372961400,1
1372962900,1
1372963020,1
1372963380,3
1372964640,1
1372968300,2
1372968420,1
1372968600,1
1372970460,2
1372976280,1
1372977540,2
1372979280,1
1372979400,3
1372983120,1
1372983300,2
1372991100,1
1372992000,1
1373003220,1
1373003340,1
1373003700,2
1373003880,4
1373022120,1
1373022780,1
1373029260,1
1373034480,1
1373036820,1
1373037360,1
1373038440,1
1373039700,1
1373041020,2
1373041680,1
1373042340,1
1373043000,1
1373043120,1
1373044680,2
1373045040,2
1373045640,2
1373046180,1
1373046600,1
1373047020,1
1373047200,2
1373047320,1
1373047920,1
1373048280,1
1373049180,2
1373049900,1
1373050740,2
1373051700,2
1373052360,2
1373052540,1
1373052600,1
1373053320,1
1373053560,1
1373054220,1
1373059560,1
1373060820,1
1373060940,1
1373062620,2
1373063040,2
1373064600,1
1373065800,1
1373065980,4
1373067660,1
1373067840,1
1373068380,1
1373068740,1
1373068800,1
1373069520,3
1373070180,2
1373071260,1
1373071380,1
1373071440,1
1373072640,1
1373073300,1
1373075100,1
1373075340,1
1373076540,1
1373077500,2
1373079360,1
1373086320,2
1373088840,1
1373090400,1
1373104020,1
1373107440,1
1373110500,1
1373111280,1
1373111820,1
1373115300,1
1373116080,1
1373116620,1
1373117520,1
1373118720,1
1373119080,1
1373119140,1
1373119680,1
1373122260,1
1373123100,2
1373123160,1
1373123460,1
1373126340,1
1373126460,1
1373126580,1
1373127120,5
1373128320,1
1373128560,2
1373128860,1
1373129880,1
1373131140,1
1373134320,1
1373135640,1
1373135700,1
1373135820,1
1373136420,1
1373137140,1
1373137740,1
1373138460,1
1373139840,1
1373142180,2
1373142300,2
1373142540,1
1373142720,1
1373143500,2
1373143740,1
1373144220,1
1373145360,1
1373146920,1
1373147400,4
1373147520,1
1373147580,1
1373148000,1
1373148240,1
1373148840,2
1373149200,3
1373149320,3
1373151540,1
1373151720,2
1373151960,1
1373153160,1
1373153340,1
1373154840,3
1373158020,1
1373158920,1
1373159580,1
1373160660,1
1373162220,1
1373162400,1
1373163720,2
1373165760,1
1373166240,1
1373168880,1
1373176260,1
1373180040,1
1373191140,1
1373197800,1
1373200680,1
1373200740,1
1373201220,2
1373205060,1
1373205420,1
1373205540,1
1373206440,1
1373208060,2
1373208660,1
1373211240,1
1373213100,1
1373213640,1
1373214180,1
1373214300,1
1373219040,1
1373220780,1
1373222040,1
1373222280,1
1373223420,3
1373224680,1
1373225160,1
1373225520,5
1373226240,1
1373227080,1
1373227500,2
1373227920,3
1373228880,1
1373229120,1
1373229480,1
1373229540,1
1373231400,1
1373231520,2
1373231760,1
1373232360,2
1373232480,1
1373233620,5
1373233740,1
1373234040,1
1373234520,1
1373234880,2
1373235120,1
1373235420,1
1373235480,1
1373235780,1
1373236680,2
1373238360,2
1373240400,2
1373240880,1
1373243580,1
1373244060,2
1373245080,1
1373245320,2
1373245800,1
1373245920,1
1373247780,1
1373249100,1
1373254080,1
1373261400,1
1373270520,1
1373276220,1
1373276580,1
1373277120,1
1373277720,1
1373279700,1
1373283240,1
1373283360,1
1373284620,1
1373284920,1
1373285040,1
1373285580,2
1373286840,1
1373287320,1
1373287380,1
1373287500,1
1373294640,1
1373296800,1
1373296980,1
1373298480,1
1373301120,1
1373304420,1
1373305320,1
1373305440,2
1373305560,1
1373306280,1
1373307300,1
1373309100,1
1373310780,1
1373311680,1
1373312160,1
1373312880,1
1373319120,3
1373319720,2
1373328660,1
1373328780,1
1373330340,1
1373332200,1
1373332380,1
1373333940,2
1373335800,1
1373337900,1
1373338920,1
1373346120,4
1373355600,1
1373363460,1
1373363820,1
1373364900,1
1373365320,1
1373365440,1
1373365680,1
1373369100,1
1373369340,1
1373369760,1
1373369940,1
1373371200,1
1373371680,1
1373371740,1
1373372820,1
1373373840,1
1373373960,1
1373374440,1
1373375040,1
1373375580,1
1373375940,1
1373376780,1
1373376900,1
1373376960,1
1373377560,1
1373377800,1
1373378040,1
1373378220,1
1373378340,1
1373378400,1
1373379900,1
1373380200,1
1373380560,2
1373388120,1
1373388540,2
1373389320,2
1373390820,1
1373391000,1
1373392320,2
1373392440,1
1373393880,1
1373395020,1
1373395320,1
1373396100,1
1373396220,1
1373396580,1
1373400120,1
1373401080,1
1373402280,2
1373403060,1
1373403480,1
1373404020,1
1373405100,1
1373405400,1
1373405520,1
1373405580,1
1373405940,1
1373406960,2
1373407980,4
1373408640,1
1373408940,1
1373409060,1
1373409120,1
1373409180,1
1373409660,1
1373410200,1
1373410320,1
1373410980,1
1373411460,1
1373411520,1
1373411700,1
1373412240,2
1373412480,1
1373412540,1
1373413320,1
1373413680,1
1373419860,1
1373420040,1
1373421060,1
1373421480,1
1373424660,1
1373425800,1
1373448720,2
1373448780,1
1373448900,1
1373449620,1
1373450820,1
1373452020,1
1373452920,1
1373453940,1
1373454240,1
1373455140,1
1373455800,1
1373455920,1
1373456220,1
1373456880,1
1373459100,1
1373459280,1
1373463120,7
1373463240,1
1373463540,1
1373464920,2
1373466540,1
1373466660,1
1373470800,2
1373473740,1
1373473860,1
1373474280,1
1373474580,1
1373476560,1
1373476920,1
1373477100,1
1373479320,1
1373479920,1
1373480040,2
1373481120,1
1373482500,1
1373483940,1
1373485380,1
1373485680,1
1373485740,1
1373488140,1
1373489220,1
1373491560,1
1373492340,1
1373492700,1
1373492820,1
1373493420,2
1373494140,1
1373498220,2
1373498460,1
1373499120,1
1373500320,1
1373500740,3
1373500860,1
1373501580,1
1373503500,2
1373503980,1
1373505000,1
1373505540,2
1373505960,2
1373506020,1
1373506380,2
1373507700,2
1373507760,1
1373508720,1
1373509740,2
1373511540,1
1373512500,1
1373512680,1
1373520780,4
1373520900,4
1373521080,5
1373521200,1
1373536260,1
1373537700,1
1373539260,1
1373539680,1
1373539800,1
1373542980,1
1373545620,1
1373547480,2
1373547840,1
1373547900,1
1373548140,1
1373548260,2
1373549340,1
1373550060,1
1373550240,1
1373550480,1
1373551080,1
1373552700,1
1373555220,1
1373557500,1
1373559240,1
1373560920,1
1373561760,1
1373562180,1
1373562540,1
1373564880,1
1373566320,1
1373568540,2
1373569320,1
1373571360,3
1373571660,1
1373571900,1
1373572740,1
1373573280,1
1373573460,1
1373576580,1
1373579160,1
1373579820,1
1373580480,2
1373580960,1
1373581020,1
1373581140,1
1373581860,1
1373583720,1
1373585280,2
1373586480,3
1373586660,2
1373587440,7
1373588700,1
1373588820,1
1373589420,1
1373590680,1
1373590980,3
1373592060,1
1373595000,1
1373596440,1
1373600100,1
1373609220,2
1373609400,1
1373610660,1
1373622180,1
1373622600,1
1373622720,1
1373624340,1
1373626560,1
1373629200,1
1373632380,2
1373632680,1
1373633400,1
1373634120,1
1373634420,1
1373635020,1
1373636820,2
1373637000,1
1373637060,1
1373637180,1
1373637780,1
1373638260,1
1373638380,1
1373638500,1
1373639520,1
1373639700,1
1373640300,1
1373640480,1
1373642340,2
1373642940,1
1373644800,2
1373646180,1
1373649060,1
1373649420,1
1373649780,2
1373649840,2
1373653380,1
1373653860,1
1373656920,3
1373659920,1
1373660520,1
1373661660,2
1373665680,1
1373665920,1
1373666040,1
1373666100,1
1373667180,1
1373667480,1
1373667600,1
1373672460,1
1373673720,2
1373680620,1
1373680740,1
1373701440,1
1373708820,1
1373712480,1
1373714340,1
1373715600,1
1373718360,1
1373719200,1
1373719320,1
1373719800,1
1373720040,1
1373720760,1
1373720940,1
1373721240,2
1373722920,1
1373723760,1
1373724120,1
1373724540,2
1373724960,1
1373725920,1
1373726340,1
1373726580,2
1373727000,1
1373727720,1
1373728920,1
1373729040,1
1373729700,1
1373730480,2
1373731080,1
1373732100,1
1373732280,1
1373732520,1
1373732820,1
1373733300,1
1373734080,1
1373734260,2
1373734380,1
1373734980,1
1373735160,1
1373736180,1
1373736540,1
1373736720,1
1373737680,1
1373738400,2
1373738820,2
1373738880,1
1373739000,1
1373739300,1
1373739360,1
1373740620,1
1373740680,2
1373740740,1
1373740920,1
1373741040,1
1373741340,1
1373741460,1
1373741880,1
1373742120,1
1373742240,1
1373742540,2
1373742960,2
1373743080,1
1373743320,2
1373743500,1
1373743980,1
1373745180,1
1373745600,1
1373745960,1
1373746500,2
1373747280,2
1373747820,1
1373748300,4
1373749440,1
1373749860,3
1373750580,2
1373750700,1
1373751180,1
1373752380,1
1373753460,1
1373753820,3
1373754000,1
1373757120,2
1373758620,1
1373759640,3
1373760300,1
1373762760,1
1373763360,2
1373764560,1
1373766420,1
1373766480,2
1373766780,1
1373767140,1
1373768820,1
1373770380,4
1373803920,7
1373804040,1
1373805360,1
1373805480,1
1373807160,1
1373807760,1
1373808300,1
1373808720,1
1373808900,2
1373809260,1
1373809680,2
1373809740,1
1373809800,2
1373809920,2
1373812440,1
1373812800,1
1373812920,1
1373815260,1
1373816580,1
1373817060,1
1373817360,2
1373817780,3
1373818380,2
1373818860,1
1373819220,2
1373819520,1
1373820120,1
1373820540,1
1373821980,1
1373822040,3
1373822700,1
1373822940,1
1373824380,1
1373825040,1
1373825100,1
1373825520,1
1373826120,3
1373826600,1
1373826720,1
1373826900,1
1373827380,1
1373827740,1
1373828700,1
1373829360,3
1373829600,3
1373829720,3
1373830200,1
1373830380,1
1373830500,1
1373830560,1
1373830920,1
1373831760,1
1373831940,1
1373832600,3
1373832840,1
1373833800,1
1373834040,1
1373834160,1
1373834580,1
1373835120,1
1373835360,1
1373836020,4
1373836500,2
1373836560,1
1373836860,1
1373837280,3
1373837520,1
1373838180,1
1373838960,1
1373839260,3
1373839560,1
1373839860,1
1373840220,1
1373840400,1
1373840520,2
1373841120,1
1373841300,1
1373841420,1
1373842140,2
1373842260,2
1373842440,2
1373843040,3
1373843700,2
1373843880,1
1373843940,2
1373844720,2
1373845440,1
1373845560,1
1373847540,1
1373848620,2
1373848800,1
1373848920,1
1373849280,1
1373850540,2
1373850660,1
1373850840,1
1373850900,1
1373852700,1
1373853060,1
1373855220,2
1373856300,1
1373861520,1
1373869020,3
1373871780,1
1373881440,1
1373883300,1
1373887320,1
1373888700,1
1373889360,2
1373890680,1
1373890740,1
1373891700,1
1373891880,1
1373892060,1
1373892720,1
1373892840,1
1373892960,3
1373893140,1
1373893380,1
1373893620,1
1373894040,1
1373894100,1
1373896500,1
1373896920,1
1373899380,1
1373899620,1
1373900820,1
1373907720,1
1373908620,1
1373909160,1
1373909280,1
1373909820,1
1373910540,2
1373911380,1
1373911440,1
1373912100,3
1373912640,1
1373912940,1
1373913420,1
1373913840,1
1373914920,1
1373918280,1
1373919060,1
1373919660,2
1373920380,1
1373920740,1
1373920920,1
1373921340,2
1373921400,1
1373921460,1
1373921580,1
1373921940,1
1373923260,2
1373924100,1
1373924340,1
1373925240,1
1373925660,2
1373926080,1
1373926200,1
1373926500,1
1373926560,1
1373927160,1
1373927700,2
1373929140,1
1373930340,1
1373930520,2
1373931180,1
1373932860,1
1373933400,1
1373933820,2
1373935020,1
1373935320,1
1373935560,1
1373935860,1
1373935980,1
1373936940,1
1373940780,1
1373942640,1
1373942880,1
1373943600,1
1373944320,1
1373967240,1
1373968320,1
1373969160,1
1373969220,1
1373970300,2
1373970720,1
1373971560,1
1373971740,1
1373974500,1
1373974920,1
1373975280,1
1373975580,1
1373975880,1
1373976120,2
1373977020,2
1373977680,1
1373977740,1
1373977800,2
1373978700,1
1373978760,1
1373978880,1
1373979120,1
1373979300,3
1373980500,1
1373980560,1
1373980800,1
1373980920,2
1373981460,1
1373981640,1
1373982600,1
1373983920,1
1373984940,1
1373985480,1
1373986320,1
1373986620,1
1373987820,1
1373990160,1
1373990640,1
1373991960,1
1373992980,1
1373994480,1
1373994540,1
1373995440,1
1373995800,1
1373995920,1
1373995980,1
1373996580,1
1373997540,2
1373997600,1
1373998020,1
1373998320,1
1373998920,1
1373999040,1
1374000300,2
1374000480,2
1374000660,2
1374002580,2
1374003120,1
1374003540,1
1374004200,1
1374005520,1
1374005580,1
1374005940,3
1374006120,1
1374007260,1
1374008760,1
1374009360,1
1374010080,2
1374010320,1
1374010380,1
1374011040,1
1374011160,1
1374011520,1
1374012000,1
1374012060,2
1374012240,2
1374012540,6
1374013380,2
1374013920,1
1374013980,2
1374014100,2
1374015120,1
1374015240,1
1374015420,1
1374015660,1
1374015900,1
1374016080,1
1374016620,1
1374016680,1
1374017220,1
1374017520,1
1374017820,1
1374018000,1
1374018120,2
1374018840,1
1374021840,1
1374021900,1
1374022140,1
1374023700,1
1374024120,1
1374026340,2
1374027060,1
1374028740,1
1374029040,1
1374029880,1
1374029940,1
1374037200,1
1374054720,1
1374055560,1
1374056880,1
1374057720,1
1374060420,1
1374060840,1
1374061080,1
1374061320,1
1374061740,2
1374062040,3
1374062880,1
1374062940,1
1374063600,1
1374063720,2
1374063840,1
1374063900,1
1374064020,1
1374064380,1
1374065220,1
1374065880,2
1374066240,1
1374067260,2
1374069720,1
1374075060,1
1374075240,1
1374077220,1
1374078120,1
1374079020,2
1374079920,1
1374080220,1
1374080460,1
1374080580,1
1374080700,1
1374082920,1
1374083040,1
1374084120,1
1374084180,2
1374087720,1
1374087840,1
1374088140,3
1374088800,1
1374088920,1
1374089400,1
1374090420,1
1374090540,1
1374091080,1
1374092400,1
1374092580,2
1374092700,2
1374093720,1
1374095340,1
1374095700,1
1374095880,1
1374095940,1
1374096240,1
1374097380,1
1374097860,1
1374098040,1
1374098340,1
1374099060,1
1374099120,1
1374099480,1
1374099780,1
1374099900,1
1374100020,1
1374100080,1
1374100500,1
1374100740,2
1374101700,1
1374101820,2
1374101880,1
1374102720,2
1374102780,2
1374102960,1
1374103560,1
1374104100,1
1374104580,2
1374104640,1
1374105120,1
1374105300,1
1374106440,1
1374106920,1
1374108600,1
1374108960,1
1374109080,1
1374109560,1
1374109620,1
1374109800,1
1374109980,1
1374110640,1
1374111300,1
1374112140,2
1374113220,1
1374113520,1
1374114480,1
1374114600,1
1374118620,2
1374142080,1
1374143160,1
1374143640,1
1374144360,1
1374144420,1
1374145380,1
1374147000,1
1374147300,1
1374147360,1
1374147780,1
1374148140,1
1374148260,1
1374148440,1
1374148740,1
1374149040,1
1374149160,1
1374150060,1
1374150120,1
1374150720,1
1374151140,1
1374151320,1
1374151500,1
1374151980,2
1374152640,1
1374152880,1
1374152940,2
1374153960,1
1374154380,1
1374154860,1
1374156720,1
1374157980,1
1374158160,1
1374158760,1
1374159360,1
1374161640,1
1374164220,1
1374164880,1
1374165540,1
1374166080,1
1374166560,3
1374167400,1
1374167520,1
1374167880,1
1374169380,1
1374172380,1
1374173940,1
1374174060,1
1374174840,1
1374176880,1
1374177300,1
1374177900,1
1374177960,4
1374178260,5
1374178860,1
1374179040,1
1374179400,1
1374179640,1
1374179940,3
1374180720,1
1374181380,2
1374181440,1
1374181500,1
1374182820,1
1374183360,3
1374183600,1
1374183720,1
1374184380,1
1374184860,1
1374185220,1
1374185400,2
1374185520,1
1374185820,1
1374186360,2
1374186540,1
1374186840,1
1374188340,1
1374188580,1
1374188760,1
1374189480,1
1374189540,1
1374190080,1
1374190320,1
1374191460,1
1374192060,3
1374193080,1
1374193320,1
1374196020,1
1374201600,1
1374201780,1
1374227580,1
1374228900,1
1374229260,1
1374229980,1
1374232140,2
1374232320,1
1374234120,1
1374234540,1
1374234600,2
1374235440,1
1374236760,1
1374236940,1
1374237000,1
1374237120,1
1374237360,1
1374237480,1
1374237720,1
1374237840,1
1374238680,1
1374239820,1
1374241020,1
1374241620,1
1374241680,1
1374242340,1
1374248040,1
1374254220,1
1374255120,1
1374255600,2
1374256320,1
1374256440,1
1374257100,2
1374257880,1
1374258900,1
1374258960,3
1374259260,1
1374259740,1
1374259800,1
1374260160,1
1374260280,1
1374260640,1
1374261060,1
1374261180,1
1374261720,1
1374262140,1
1374263160,1
1374264420,1
1374265080,1
1374265620,1
1374265680,1
1374266040,1
1374266580,1
1374266700,2
1374267120,1
1374267840,1
1374269400,1
1374269760,1
1374270480,1
1374270840,1
1374272040,2
1374272280,1
1374273480,1
1374273780,1
1374274320,1
1374274740,2
1374274980,1
1374277020,2
1374277260,3
1374277980,1
1374278100,1
1374278220,1
1374278940,1
1374279720,1
1374280620,1
1374280800,1
1374281220,1
1374282540,1
1374282660,1
1374283800,1
1374284520,1
1374285780,1
1374291660,1
1374294900,1
1374309720,6
1374313740,1
1374313920,1
1374314400,1
1374320520,1
1374322740,1
1374323580,1
1374324120,1
1374324360,1
1374324480,1
1374325500,1
1374326400,2
1374326640,1
1374327360,2
1374327480,1
1374327720,1
1374328800,1
1374331740,1
1374332160,1
1374332460,1
1374333300,2
1374333720,1
1374334020,1
1374334140,1
1374334500,1
1374335220,1
1374335760,1
1374336360,1
1374337140,1
1374337380,2
1374339240,1
1374339600,1
1374339720,1
1374340020,1
1374341520,1
1374342960,2
1374343140,3
1374343800,1
1374343920,1
1374344580,2
1374345300,1
1374345900,1
1374346140,2
1374346860,2
1374347340,2
1374348300,1
1374348540,1
1374348720,1
1374349140,1
1374349320,1
1374350640,1
1374350700,1
1374351060,1
1374352500,1
1374352680,1
1374352980,1
1374353340,1
1374354000,3
1374354120,3
1374354360,1
1374355020,1
1374356100,2
1374356160,1
1374356400,1
1374356820,4
1374358560,1
1374358740,1
1374359580,2
1374360660,1
1374362880,2
1374365220,1
1374366600,2
1374366780,1
1374367500,1
1374369120,1
1374383340,1
1374399540,1
1374399720,1
1374401760,1
1374407280,1
1374407760,1
1374409200,2
1374409260,1
1374409380,1
1374410580,1
1374411240,1
1374412980,2
1374414060,1
1374414600,1
1374414780,1
1374414840,1
1374414960,1
1374415140,1
1374415620,2
1374416100,1
1374417900,1
1374418380,1
1374418920,3
1374419160,1
1374419460,1
1374420660,4
1374421200,1
1374422040,1
1374424140,1
1374424380,1
1374424860,1
1374425520,1
1374427200,1
1374427860,1
1374430140,1
1374430260,1
1374431280,1
1374432360,1
1374433260,1
1374433680,1
1374435720,1
1374436080,1
1374436260,1
1374436800,1
1374437580,1
1374438060,1
1374438360,3
1374439560,1
1374439680,1
1374440280,1
1374440460,1
1374440580,1
1374442440,1
1374444060,1
1374444600,1
1374444960,1
1374445260,1
1374446280,1
1374446700,1
1374446820,2
1374447120,2
1374448860,1
1374448980,1
1374449820,1
1374450420,1
1374451920,1
1374455580,2
1374457740,2
1374458100,1
1374460080,1
1374463260,1
1374464700,2
1374464760,1
1374464820,1
1374481740,1
1374488460,1
1374493980,1
1374494160,1
1374495780,1
1374496260,1
1374496920,1
1374497160,1
1374497280,1
1374497460,1
1374497580,1
1374498420,1
1374498780,1
1374499560,1
1374500040,1
1374503940,1
1374504960,1
1374505140,1
1374505860,1
1374506460,1
1374511620,1
1374514200,1
1374516120,1
1374516600,1
1374519720,1
1374521640,1
1374522300,1
1374524100,3
1374527700,1
1374527820,2
1374527880,1
1374528480,1
1374528660,1
1374529080,1
1374529620,2
1374529740,1
1374529980,2
1374530040,1
1374530940,1
1374531000,1
1374532560,1
1374532620,1
1374533040,3
1374533280,1
1374533760,1
1374533940,1
1374534000,1
1374534240,1
1374534420,1
1374534600,2
1374535320,1
1374536520,1
1374537000,1
1374537720,1
1374538500,1
1374539460,1
1374540120,1
1374540600,1
1374542580,1
1374543060,1
1374549120,1
1374575760,2
1374577080,1
1374579780,1
1374580620,2
1374582240,2
1374582360,1
1374582780,1
1374582960,1
1374583320,2
1374583500,1
1374583920,3
1374583980,1
1374584220,2
1374584340,1
1374584820,1
1374584940,1
1374587280,1
1374587460,1
1374589500,1
1374591300,3
1374591540,1
1374592440,1
1374594300,1
1374595320,1
1374596280,1
1374596400,1
1374597360,1
1374597480,1
1374598800,1
1374600420,1
1374600840,1
1374601680,1
1374603300,2
1374604140,1
1374605100,1
1374605280,1
1374606120,1
1374607020,1
1374607380,1
1374608460,1
1374608940,1
1374610320,1
1374611520,1
1374613020,1
1374613320,1
1374613620,2
1374614160,1
1374614280,2
1374614400,1
1374615300,1
1374615720,1
1374617280,1
1374617460,1
1374617640,1
1374617940,1
1374618300,1
1374618420,2
1374618780,2
1374619020,1
1374619320,1
1374620820,2
1374621660,1
1374622680,2
1374624180,2
1374624600,1
1374624900,1
1374626460,2
1374627240,1
1374627480,1
1374629880,2
1374630060,1
1374630180,1
1374630720,1
1374632280,2
1374632460,1
1374633300,2
1374658500,1
1374658980,1
1374659760,1
1374660840,1
1374661140,1
1374661860,1
1374661980,1
1374662580,2
1374664020,1
1374665580,1
1374665700,1
1374666060,1
1374666420,2
1374666900,1
1374667080,1
1374667440,2
1374667680,1
1374667800,1
1374668700,1
1374669300,1
1374669360,1
1374670380,1
1374670560,1
1374670620,1
1374670800,3
1374671280,1
1374671700,1
1374672300,1
1374672540,1
1374672960,1
1374673440,1
1374673560,1
1374673920,2
1374674160,1
1374674400,1
1374674520,3
1374674760,1
1374674880,1
1374675120,1
1374676860,1
1374678360,1
1374680340,1
1374680460,1
1374682500,1
1374683580,1
1374684660,1
1374685080,1
1374685200,1
1374685380,1
1374685680,1
1374688080,2
1374691320,1
1374692760,1
1374693120,1
1374693420,1
1374694140,1
1374694200,1
1374695880,2
1374696120,1
1374696360,1
1374696720,1
1374698220,2
1374698580,1
1374698760,1
1374698820,1
1374699180,1
1374699300,1
1374701340,1
1374701760,2
1374702240,1
1374703320,1
1374703560,1
1374703680,1
1374704580,1
1374704700,1
1374705300,2
1374705720,1
1374705780,1
1374706020,1
1374706080,1
1374706560,1
1374706860,1
1374706920,1
1374707040,1
1374707400,2
1374707460,1
1374707760,1
1374708060,2
1374708300,1
1374708540,4
1374709020,1
1374709440,1
1374709620,2
1374710160,1
1374710460,1
1374710820,1
1374711000,1
1374711720,1
1374711900,1
1374712440,1
1374712560,1
1374712920,1
1374714000,2
1374714900,1
1374715320,1
1374715560,2
1374716340,1
1374717960,1
1374718140,1
1374718680,1
1374718980,1
1374720240,1
1374720660,1
1374726480,1
1374748500,2
1374748740,1
1374748920,1
1374749340,1
1374750480,1
1374751500,2
1374751740,1
1374753240,1
1374753540,1
1374753840,1
1374754320,2
1374754920,1
1374755880,1
1374756180,2
1374756360,1
1374757020,1
1374757200,2
1374757740,1
1374758040,1
1374758400,1
1374758520,1
1374760200,1
1374760380,1
1374760920,1
1374761580,1
1374765060,1
1374767700,1
1374767760,1
1374767940,1
1374769200,1
1374769560,1
1374770460,1
1374770580,1
1374771060,1
1374771300,1
1374771360,1
1374771600,1
1374771720,1
1374771840,1
1374772860,1
1374773760,1
1374773880,2
1374775440,1
1374776220,1
1374776460,1
1374776880,1
1374779880,2
1374781740,1
1374782100,1
1374783420,1
1374783600,1
1374784440,1
1374785040,1
1374786480,1
1374787680,1
1374787920,1
1374788280,1
1374788520,1
1374788640,1
1374789420,1
1374789540,1
1374789660,1
1374789720,1
1374790080,1
1374790140,1
1374791160,1
1374791880,1
1374792060,2
1374793380,2
1374794220,1
1374796140,1
1374796260,1
1374796980,1
1374797280,2
1374798360,1
1374801720,1
1374801900,1
1374802320,1
1374808080,1
1374812520,1
1374828000,1
1374830940,1
1374831660,2
1374831720,1
1374833820,1
1374835080,1
1374835800,1
1374836220,1
1374837600,1
1374838140,1
1374839400,2
1374839760,1
1374840600,2
1374841080,1
1374841380,1
1374842640,2
1374842760,2
1374843120,1
1374843300,2
1374843420,1
1374843540,1
1374843660,2
1374843840,1
1374843960,1
1374844740,2
1374844860,1
1374845040,1
1374845160,1
1374845580,1
1374845700,1
1374845820,1
1374846300,1
1374846840,1
1374846900,1
1374847500,1
1374849180,1
1374855060,1
1374856080,1
1374857100,1
1374857580,1
1374857760,1
1374859140,1
1374859800,1
1374861180,1
1374861540,1
1374862020,1
1374862500,1
1374863280,1
1374863520,1
1374864240,1
1374864480,1
1374867000,1
1374868140,1
1374868320,3
1374868380,1
1374868680,1
1374868740,1
1374869640,2
1374870240,1
1374870420,1
1374870660,1
1374870900,1
1374871080,1
1374871200,1
1374871320,5
1374871620,4
1374871920,1
1374872580,2
1374873180,2
1374874980,1
1374875160,2
1374875580,3
1374875700,1
1374875880,1
1374876000,1
1374876240,2
1374877740,1
1374877860,1
1374878940,2
1374879180,4
1374881940,1
1374882600,1
1374882840,1
1374885060,1
1374886320,1
1374888600,1
1374889140,1
1374891120,1
1374900300,1
1374909600,1
1374910200,1
1374918300,1
1374920580,1
1374920820,1
1374920940,1
1374922560,1
1374922620,1
1374922740,1
1374926940,1
1374927300,1
1374929460,1
1374929580,1
1374930600,1
1374930960,2
1374931800,1
1374932160,2
1374932220,1
1374933000,2
1374933960,1
1374934080,3
1374934200,1
1374935940,1
1374936840,2
1374937020,1
1374937500,1
1374937740,1
1374937980,1
1374938400,1
1374939480,3
1374939600,1
1374940080,1
1374941520,1
1374941640,1
1374941820,1
1374942300,1
1374943080,1
1374943560,1
1374943860,1
1374943980,1
1374945240,1
1374945420,1
1374946260,1
1374946380,2
1374946620,1
1374947040,1
1374947760,1
1374948000,1
1374948960,2
1374949920,2
1374950760,1
1374951120,1
1374951240,1
1374951900,1
1374952140,1
1374952200,2
1374953580,1
1374953760,2
1374954180,6
1374955320,1
1374955560,1
1374955680,1
1374955860,3
1374955980,1
1374956160,1
1374956220,1
1374956760,1
1374957060,1
1374957240,1
1374957360,1
1374957600,1
1374958200,1
1374959400,1
1374959760,2
1374959880,3
1374959940,1
1374960180,1
1374960240,1
1374960360,2
1374962160,1
1374962280,1
1374963240,2
1374963420,2
1374963540,2
1374964920,3
1374965040,2
1374965220,2
1374966540,1
1374966960,2
1374967200,2
1374967740,1
1374967800,1
1374967860,1
1374967920,1
1374968880,4
1374970080,1
1374970500,1
1374970800,1
1374972480,2
1374977400,2
1374982920,1
1374986520,1
1374986760,2
1375004640,1
1375007940,1
1375010580,1
1375011960,1
1375012020,1
1375012740,1
1375013040,1
1375015920,1
1375016040,1
1375016340,1
1375016640,1
1375016760,1
1375017240,1
1375017720,2
1375018080,1
1375018140,1
1375019460,2
1375020240,1
1375021020,1
1375021740,1
1375022700,1
1375023660,2
1375023840,1
1375024440,1
1375024500,1
1375026420,1
1375026540,1
1375026600,5
1375027020,1
1375027140,1
1375027980,1
1375028100,1
1375028160,1
1375028460,1
1375028760,1
1375029420,2
1375030860,1
1375031040,1
1375031100,1
1375031220,1
1375031700,1
1375032000,2
1375033260,2
1375033860,2
1375034160,1
1375034220,1
1375034460,2
1375034580,1
1375035240,1
1375035480,1
1375036080,1
1375036980,1
1375037520,1
1375037820,1
1375038180,1
1375038420,1
1375039140,1
1375039560,1
1375039680,1
1375040160,1
1375040700,2
1375041240,1
1375042020,1
1375042500,1
1375042860,1
1375042920,1
1375043340,1
1375044240,1
1375045680,1
1375046580,3
1375047120,2
1375047300,1
1375047600,2
1375048140,1
1375048320,3
1375048800,1
1375048920,1
1375054260,1
1375054740,1
1375055160,1
1375055820,2
1375058340,1
1375058700,1
1375063560,1
1375064040,1
1375064760,2
1375091160,1
1375091460,1
1375092840,1
1375093800,1
1375094580,1
1375094640,1
1375094820,1
1375095120,1
1375097880,2
1375098120,1
1375098780,1
1375098900,1
1375100820,1
1375101300,1
1375101480,1
1375101600,2
1375101720,1
1375102380,1
1375102560,1
1375104900,1
1375105800,1
1375105860,1
1375106220,1
1375109820,1
1375110720,1
1375110900,1
1375112400,1
1375114680,1
1375115520,2
1375117080,1
1375118940,1
1375121820,1
1375121940,1
1375122420,1
1375122600,1
1375122720,1
1375123500,1
1375123800,1
1375123980,1
1375124520,1
1375125960,1
1375126560,1
1375127760,1
1375129260,1
1375129980,1
1375131180,1
1375131300,1
1375131660,1
1375132020,1
1375132260,1
1375132500,1
1375133280,1
1375133640,1
1375133940,1
1375134000,2
1375134780,1
1375135260,2
1375135320,1
1375135680,1
1375135800,1
1375136160,1
1375137120,1
1375137360,1
1375137600,1
1375137720,1
1375137780,1
1375138320,1
1375139040,1
1375139220,2
1375139340,2
1375139940,2
1375140180,1
1375140660,2
1375141620,1
1375142460,1
1375142760,1
1375143060,1
1375143180,1
1375143600,2
1375144920,1
1375145700,1
1375145940,1
1375146120,1
1375146300,1
1375146660,1
1375147140,1
1375147320,1
1375148460,1
1375148640,1
1375149720,1
1375150560,1
1375151580,1
1375152300,1
1375153320,1
1375157640,1
1375164420,1
1375167360,1
1375176960,2
1375178040,1
1375178160,2
1375178880,1
1375179360,1
1375180020,1
1375180260,1
1375181280,1
1375181460,1
1375182300,1
1375182660,1
1375183800,1
1375184220,1
1375184520,2
1375185240,1
1375186080,1
1375187760,2
1375188060,1
1375188240,1
1375188300,1
1375188480,1
1375188600,1
1375188660,1
1375189140,1
1375189380,1
1375189680,1
1375189980,1
1375191780,1
1375192320,1
1375192680,1
1375193580,1
1375195920,1
1375196760,1
1375198140,1
1375198800,1
1375200600,1
1375202340,2
1375202580,1
1375203660,1
1375204260,1
1375205040,2
1375205280,1
1375206840,1
1375207920,2
1375208760,1
1375209120,1
1375209840,1
1375210380,1
1375210920,3
1375211160,1
1375211280,1
1375212180,1
1375213140,1
1375214640,1
1375215240,1
1375215600,1
1375215720,1
1375215780,1
1375215900,1
1375216680,1
1375217340,1
1375217460,1
1375218600,3
1375219320,1
1375219620,1
1375219920,1
1375219980,1
1375220220,1
1375220340,1
1375220460,1
1375220940,1
1375221060,1
1375221480,1
1375221600,2
1375221960,1
1375222440,1
1375222680,3
1375222800,2
1375222980,1
1375223040,1
1375223340,1
1375223580,2
1375224180,4
1375224300,1
1375224480,1
1375226700,1
1375226760,1
1375227000,2
1375227120,1
1375227420,1
1375227900,1
1375228740,2
1375228980,1
1375229160,1
1375230840,2
1375231620,1
1375232220,1
1375232400,1
1375233300,1
1375234320,2
1375236540,1
1375239060,1
1375239360,1
1375242120,1
1375243140,1
1375263240,1
1375263420,1
1375263720,1
1375264260,1
1375265880,1
1375267500,1
1375267560,1
1375267800,1
1375268400,2
1375270200,1
1375270320,2
1375271700,1
1375272360,1
1375272600,1
1375272960,1
1375273260,1
1375273500,1
1375274160,1
1375274340,1
1375275060,3
1375275180,3
1375275300,1
1375276080,1
1375276260,2
1375276320,1
1375276380,1
1375278840,1
1375279260,1
1375279860,1
1375280940,1
1375281360,2
1375283400,1
1375285440,1
1375285920,1
1375287780,1
1375287960,1
1375288560,1
1375289220,2
1375289460,1
1375289880,1
1375290060,1
1375290900,1
1375291200,1
1375291440,1
1375292400,2
1375293300,1
1375296000,1
1375296720,1
1375298340,1
1375298580,1
1375299000,1
1375299960,1
1375300200,1
1375300380,1
1375301400,1
1375301940,2
1375302660,1
1375302900,2
1375303740,1
1375304100,2
1375304700,1
1375305060,1
1375305960,1
1375306380,2
1375306920,1
1375307100,2
1375307160,2
1375307220,1
1375307460,1
1375308300,1
1375308960,1
1375309320,1
1375310040,1
1375311360,1
1375311420,1
1375312140,1
1375312260,1
1375312320,1
1375313220,1
1375313760,1
1375314600,1
1375314900,1
1375315140,1
1375316460,3
1375316580,1
1375316760,2
1375317240,1
1375318140,1
1375318260,1
1375318440,1
1375321020,1
1375321920,1
1375323840,2
1375325700,2
1375329240,3
1375329540,1
1375329780,1
1375350840,1
1375350900,1
1375352640,1
1375352760,1
1375353780,1
1375353840,1
1375354560,1
1375354680,1
1375355820,1
1375357080,1
1375357500,2
1375357860,1
1375357920,1
1375358100,1
1375358880,1
1375359480,3
1375360200,2
1375360740,1
1375361520,2
1375361760,1
1375362060,1
1375362300,1
1375362780,1
1375362960,1
1375363020,1
1375363260,3
1375363800,1
1375363920,1
1375364820,2
1375364940,2
1375365000,1
1375365540,1
1375366860,2
1375367400,1
1375367460,1
1375372260,1
1375372620,1
1375376760,1
1375379400,1
1375385760,1
1375386420,1
1375387320,1
1375389300,1
1375391820,1
1375392540,1
1375393140,1
1375393620,1
1375395060,1
1375395540,1
1375395960,1
1375396200,1
1375396260,1
1375397700,3
1375398780,1
1375401360,1
1375404240,1
1375405380,1
1375407540,1
1375409460,1
1375412460,1
1375415940,1
1375435680,2
1375436760,1
1375438560,2
1375438680,1
1375439820,1
1375440780,1
1375440900,1
1375440960,1
1375441080,1
1375441920,1
1375442280,1
1375442700,1
1375443360,1
1375443480,1
1375446540,1
1375447380,1
1375447560,1
1375447620,1
1375447800,1
1375448400,1
1375448580,1
1375448640,2
1375448820,1
1375449000,1
1375449300,1
1375451160,2
1375451340,1
1375451400,2
1375452120,1
1375452300,1
1375453140,1
1375454160,1
1375455780,1
1375457340,1
1375459920,1
1375460520,1
1375461420,1
1375462200,2
1375462440,1
1375462680,1
1375462800,1
1375464120,1
1375464240,1
1375465740,1
1375465980,3
1375466280,1
1375466880,1
1375467180,1
1375467360,1
1375467420,1
1375469400,1
1375469460,1
1375470300,1
1375471020,1
1375471260,1
1375471380,1
1375471560,2
1375471860,1
1375471980,1
1375472400,1
1375472580,1
1375472940,1
1375473840,1
1375474080,1
1375475160,2
1375475400,1
1375476120,3
1375476240,1
1375476300,1
1375476960,2
1375477200,1
1375478280,1
1375479000,1
1375479840,1
1375479960,1
1375480500,1
1375480620,2
1375480920,1
1375481280,1
1375482180,1
1375482360,1
1375482540,1
1375482660,1
1375482960,1
1375483440,2
1375483560,1
1375484340,1
1375484640,1
1375485120,1
1375486020,2
1375487280,2
1375488360,1
1375488600,1
1375494000,1
1375496340,1
1375497120,2
1375512000,2
1375512060,3
1375527000,1
1375529940,2
1375532220,1
1375532820,1
1375534380,2
1375534980,1
1375535160,1
1375537440,1
1375537860,1
1375538280,1
1375538580,1
1375538820,2
1375539540,2
1375539840,2
1375543260,2
1375544220,2
1375545300,1
1375545660,1
1375547100,1
1375548600,1
1375550760,1
1375551360,1
1375552080,1
1375552440,2
1375552680,3
1375552920,3
1375553160,1
1375553220,1
1375553940,3
1375554240,1
1375555200,1
1375555320,1
1375560360,1
1375560960,2
1375561320,1
1375561500,1
1375562460,1
1375562580,1
1375563960,2
1375564800,3
1375565040,1
1375565640,1
1375565700,2
1375566480,1
1375566780,2
1375566960,1
1375567020,2
1375569240,1
1375569540,1
1375570260,5
1375570800,1
1375571460,3
1375571820,2
1375572120,1
1375572180,1
1375572840,2
1375572960,2
1375573800,4
1375574880,2
1375575000,4
1375575120,1
1375575600,2
1375577880,1
1375578120,1
1375578300,1
1375578600,1
1375579260,1
1375580220,1
1375581600,1
1375583160,1
1375585020,2
1375585620,1
1375590420,1
1375612320,1
1375612440,1
1375613820,1
1375615200,2
1375615320,8
1375615380,1
1375619640,2
1375620540,1
1375620780,1
1375622340,1
1375622580,1
1375623840,1
1375624080,1
1375624560,2
1375626660,1
1375627500,1
1375627980,1
1375628400,1
1375628640,1
1375628700,1
1375628760,1
1375629300,1
1375630140,1
1375631040,1
1375631160,1
1375633200,1
1375633560,2
1375633620,1
1375633800,1
1375634400,1
1375635060,1
1375636080,1
1375636320,2
1375636440,1
1375636800,1
1375638120,1
1375638360,2
1375639500,2
1375639620,2
1375641180,1
1375641360,1
1375642320,1
1375643280,1
1375643340,2
1375643880,1
1375644480,1
1375645260,1
1375645560,1
1375645860,1
1375646160,1
1375646280,1
1375646640,1
1375647180,1
1375647480,1
1375647780,2
1375647840,1
1375647900,1
1375648260,1
1375648380,1
1375650480,5
1375650900,1
1375651800,1
1375652160,1
1375652520,1
1375654020,1
1375654140,1
1375654320,1
1375654680,1
1375655160,1
1375655820,1
1375656420,2
1375656960,1
1375657680,1
1375658400,1
1375659900,2
1375660080,1
1375660800,1
1375661100,2
1375661220,1
1375661400,1
1375661880,1
1375662000,1
1375662180,2
1375663080,1
1375663200,1
1375663560,1
1375663800,2
1375664280,1
1375665540,1
1375666200,1
1375667580,1
1375670220,1
1375670880,2
1375674780,2
1375688700,1
1375695000,1
1375695900,1
1375696440,1
1375697100,1
1375697940,1
1375698180,1
1375698840,1
1375699380,1
1375700220,2
1375701060,1
1375702560,1
1375703100,2
1375703220,1
1375703520,1
1375703580,1
1375703880,1
1375704120,1
1375705440,1
1375705500,1
1375705680,1
1375706040,1
1375706220,1
1375706580,1
1375707300,1
1375708200,1
1375708620,1
1375709340,1
1375711620,1
1375711860,1
1375712100,1
1375712340,1
1375712640,1
1375713720,1
1375714080,2
1375715700,1
1375716120,1
1375717920,2
1375717980,1
1375718160,1
1375719600,1
1375720020,2
1375720500,1
1375720740,2
1375721460,1
1375721700,1
1375722300,2
1375722420,2
1375722780,1
1375723500,1
1375724700,1
1375725120,1
1375726260,1
1375726620,1
1375727160,1
1375729320,1
1375729680,2
1375729800,1
1375730100,1
1375731000,2
1375731600,1
1375731660,1
1375732020,2
1375732320,1
1375732500,1
1375732740,1
1375732800,1
1375733880,2
1375735680,2
1375735740,1
1375736280,1
1375736400,2
1375736640,4
1375737480,1
1375737600,3
1375737840,1
1375738320,1
1375738380,1
1375738500,1
1375738740,1
1375739160,1
1375739640,1
1375741260,2
1375741320,1
1375741800,2
1375742280,2
1375744080,2
1375744200,1
1375744680,2
1375745040,3
1375745220,1
1375745400,1
1375745640,1
1375745700,2
1375745940,1
1375746240,1
1375746840,1
1375746960,1
1375747020,3
1375747440,1
1375747560,2
1375748760,1
1375749060,1
1375749240,2
1375749900,2
1375751280,1
1375754220,1
1375754580,2
1375755300,1
1375756680,1
1375757280,1
1375757700,1
1375757880,1
1375759080,1
1375761480,2
1375782960,1
1375783380,1
1375783500,1
1375784100,1
1375785540,1
1375786500,1
1375786980,1
1375787400,1
1375787520,1
1375787880,1
1375788060,1
1375788480,1
1375789440,1
1375789680,1
1375791840,1
1375792260,1
1375792680,1
1375793160,2
1375793220,1
1375793400,1
1375793640,1
1375793820,1
1375794180,1
1375794360,1
1375794420,2
1375794840,1
1375795080,1
1375795200,1
1375795620,1
1375795980,1
1375796160,1
1375796640,1
1375797180,1
1375797540,1
1375802700,1
1375803540,1
1375803660,1
1375804680,1
1375805160,1
1375805820,1
1375808820,1
1375808940,1
1375809120,1
1375810320,1
1375810620,1
1375810860,1
1375811040,1
1375817640,1
1375817820,1
1375818000,1
1375819320,1
1375819680,1
1375820340,2
1375822140,1
1375822260,1
1375823100,1
1375823220,1
1375823820,1
1375825500,1
1375825680,2
1375826160,3
1375826520,1
1375826940,1
1375827360,1
1375827420,4
1375827540,3
1375828020,1
1375828200,2
1375829220,1
1375829280,1
1375829700,1
1375829880,2
1375830240,1
1375831380,1
1375831980,1
1375832040,1
1375832280,1
1375832400,1
1375832460,1
1375832520,2
1375832640,1
1375833600,1
1375834260,1
1375834380,3
1375835100,1
1375835220,1
1375835280,1
1375835400,1
1375836300,1
1375836720,1
1375836960,2
1375837620,1
1375838160,1
1375840920,1
1375841280,1
1375843740,1
1375845660,2
1375846440,1
1375849020,1
1375867860,1
1375867920,1
1375868280,1
1375868520,2
1375869720,1
1375870020,1
1375870140,1
1375870920,1
1375871760,1
1375873680,1
1375875060,1
1375876080,2
1375876320,1
1375876560,1
1375876620,1
1375877340,1
1375878120,1
1375879080,1
1375879200,1
1375879320,1
1375879380,1
1375879800,1
1375880520,1
1375881600,1
1375881720,1
1375881900,1
1375882200,1
1375882500,1
1375882800,2
1375884180,1
1375884840,1
1375885260,1
1375885680,1
1375886400,1
1375886580,1
1375886820,1
1375889700,1
1375891320,1
1375893780,1
1375894080,3
1375896900,1
1375897080,1
1375897440,1
1375897560,1
1375898280,1
1375898400,1
1375898700,1
1375899060,1
1375899180,1
1375901100,1
1375901820,2
1375901940,2
1375903080,1
1375903260,1
1375903680,1
1375903740,1
1375903980,2
1375905420,1
1375906320,1
1375906680,1
1375907880,1
1375908480,1
1375910460,1
1375910520,1
1375910700,1
1375910760,1
1375911120,1
1375911480,1
1375911840,1
1375911900,1
1375912020,1
1375912860,1
1375913340,1
1375914660,1
1375915380,1
1375915560,1
1375916220,2
1375916520,2
1375916700,2
1375918860,2
1375919160,1
1375919280,1
1375919400,1
1375920420,1
1375921380,1
1375922220,1
1375922340,1
1375922760,1
1375923180,1
1375923480,1
1375925160,1
1375927080,1
1375929780,1
1375955640,1
1375958580,1
1375958640,1
1375958820,1
1375960560,1
1375961820,1
1375962180,1
1375962360,1
1375964580,1
1375964940,2
1375965960,1
1375966500,1
1375966620,1
1375966800,1
1375967040,1
1375967220,2
1375967460,1
1375968120,1
1375968240,1
1375968480,1
1375968600,1
1375968720,1
1375968900,2
1375969020,1
1375969080,1
1375969260,1
1375969560,1
1375969680,2
1375970040,1
1375970880,1
1375971480,1
1375972200,1
1375972500,1
1375977480,1
1375978560,1
1375978860,1
1375979220,1
1375979520,1
1375980360,1
1375981140,1
1375982820,1
1375985040,1
1375986120,1
1375986240,1
1375986360,1
1375986600,1
1375987080,1
1375988280,1
1375988580,1
1375989420,1
1375989600,1
1375990740,2
1375990860,1
1375992780,2
1375993740,1
1375994700,1
1375994760,1
1375994880,1
1375996380,1
1375996740,1
1375996860,1
1375997340,1
1375998180,3
1375998540,1
1375998660,1
1375998720,1
1375999380,1
1376000160,1
1376000220,1
1376000340,1
1376000580,1
1376001000,1
1376001900,1
1376001960,2
1376002080,1
1376002860,1
1376003520,1
1376003700,1
1376004000,1
1376004120,2
1376005860,1
1376006280,1
1376006760,1
1376007540,1
1376007660,1
1376008380,1
1376008800,1
1376009880,1
1376010240,1
1376011740,1
1376013180,1
1376013240,1
1376014680,1
1376044020,1
1376046000,7
1376046060,2
1376046420,1
1376047500,1
1376050140,1
1376050500,1
1376050560,1
1376050980,1
1376051340,1
1376052240,1
1376052600,1
1376052840,1
1376053020,1
1376053200,1
1376053320,2
1376053440,1
1376054580,1
1376054820,1
1376057340,1
1376058000,1
1376059740,1
1376059800,1
1376062380,1
1376062740,1
1376063520,1
1376064240,1
1376066040,1
1376066160,1
1376066700,1
1376067060,1
1376067240,1
1376069160,1
1376070840,1
1376071800,1
1376072580,1
1376073240,2
1376073720,1
1376073900,1
1376074560,1
1376074620,1
1376075220,1
1376075340,1
1376076120,1
1376077440,2
1376077500,1
1376077980,1
1376078280,1
1376078520,1
1376078820,1
1376079180,3
1376079900,1
1376080680,1
1376081040,1
1376081100,1
1376081640,1
1376081940,1
1376082180,1
1376083020,1
1376083200,1
1376083620,1
1376084160,2
1376085120,1
1376086740,1
1376086980,1
1376087160,2
1376087280,1
1376087340,2
1376087940,1
1376088120,2
1376088480,1
1376088840,1
1376089680,2
1376090640,1
1376090700,1
1376091600,1
1376093760,1
1376093880,1
1376093940,1
1376096640,1
1376099880,2
1376100000,1
1376100660,1
1376104380,1
1376130660,1
1376131020,1
1376131800,1
1376133720,1
1376135400,1
1376137920,1
1376137980,1
1376138820,1
1376139300,1
1376139600,1
1376139660,1
1376139900,1
1376142060,1
1376142240,1
1376142480,1
1376142540,1
1376142720,1
1376142780,1
1376143500,2
1376143680,2
1376145000,1
1376148720,1
1376149140,1
1376149320,1
1376149440,1
1376149980,1
1376150160,1
1376151480,1
1376152620,1
1376153220,1
1376153280,1
1376153400,1
1376155140,1
1376155680,2
1376156220,1
1376156400,1
1376156580,2
1376157720,1
1376158020,1
1376161320,1
1376161680,1
1376162160,1
1376163660,3
1376163840,1
1376164680,2
1376164860,1
1376165880,2
1376165940,2
1376166240,1
1376166960,2
1376167620,1
1376167800,1
1376169060,1
1376169420,1
1376169720,1
1376170080,1
1376172300,1
1376173500,1
1376173560,1
1376174160,1
1376174880,1
1376175480,3
1376175540,2
1376175960,1
1376176080,1
1376176200,1
1376176380,2
1376177460,1
1376177640,3
1376177880,1
1376178120,1
1376181240,1
1376182020,1
1376182560,1
1376188500,2
1376196120,1
1376196180,2
1376203080,2
1376213160,1
1376217300,1
1376219700,1
1376224980,1
1376225340,1
1376226060,2
1376226240,1
1376226360,1
1376226720,1
1376226900,2
1376227380,2
1376227920,2
1376228820,1
1376229900,1
1376231520,2
1376231940,1
1376232120,2
1376232240,1
1376232360,1
1376233080,1
1376233920,2
1376234280,3
1376234460,1
1376235180,2
1376235420,1
1376235600,2
1376236320,1
1376237160,2
1376237820,1
1376238240,1
1376238540,1
1376238900,2
1376239200,1
1376239320,1
1376239560,1
1376239740,4
1376241060,1
1376241120,2
1376241420,1
1376241540,2
1376242140,1
1376242380,1
1376242620,1
1376242740,1
1376242980,1
1376243220,1
1376243400,3
1376243820,4
1376244600,1
1376245080,4
1376245380,1
1376245620,1
1376245740,1
1376246100,1
1376246520,4
1376246760,1
1376247420,1
1376247480,1
1376247720,5
1376247780,1
1376247960,2
1376248320,1
1376248380,1
1376249280,2
1376249820,2
1376249880,4
1376250000,2
1376251380,4
1376251980,2
1376252100,2
1376252460,1
1376253300,2
1376253660,2
1376254260,1
1376254680,2
1376255160,1
1376256840,1
1376257020,2
1376257680,2
1376257800,1
1376258040,1
1376258400,1
1376258460,1
1376258520,2
1376259420,2
1376259480,1
1376259540,2
1376260320,2
1376261640,1
1376262420,1
1376263560,2
1376263860,1
1376264340,1
1376264940,1
1376265600,2
1376266140,1
1376266680,2
1376267520,2
1376268720,1
1376269920,2
1376272380,1
1376281560,2
1376300160,1
1376302200,1
1376308200,1
1376309040,1
1376311080,1
1376311260,1
1376311800,1
1376311920,2
1376312160,1
1376312820,1
1376313120,1
1376313600,1
1376313720,1
1376313780,1
1376313960,1
1376314020,2
1376314260,2
1376314320,1
1376314440,1
1376314680,1
1376315160,1
1376317200,2
1376317380,1
1376319960,1
1376321220,1
1376322900,1
1376324640,1
1376328000,2
1376328840,1
1376328900,1
1376330580,1
1376331660,3
1376332140,1
1376332440,1
1376332500,1
1376332980,1
1376333280,1
1376333340,2
1376334720,1
1376336100,2
1376336160,1
1376336340,1
1376337420,1
1376339400,2
1376339940,1
1376340060,1
1376340660,1
1376341080,1
1376341380,1
1376341440,1
1376341980,1
1376342220,1
1376342340,1
1376342640,1
1376342760,1
1376342820,1
1376343000,1
1376344140,1
1376344200,1
1376344320,1
1376344800,2
1376345820,1
1376346060,1
1376346180,1
1376346300,1
1376346360,1
1376346960,1
1376347320,1
1376347500,1
1376347860,1
1376348760,1
1376349120,1
1376349180,1
1376349480,1
1376349840,1
1376349960,2
1376350140,1
1376350560,2
1376350920,1
1376351640,1
1376351880,1
1376353320,1
1376353380,1
1376355180,1
1376356680,1
1376357400,1
1376358600,1
1376359320,1
1376359560,1
1376359980,1
1376360700,1
1376360880,1
1376367360,1
1376388540,2
1376388660,1
1376389020,1
1376390340,1
1376393100,1
1376393400,1
1376394420,1
1376394660,1
1376395320,1
1376399340,1
1376400300,1
1376401440,1
1376403000,1
1376408340,1
1376413800,1
1376414220,1
1376415540,1
1376419080,1
1376419740,1
1376419860,1
1376420700,1
1376422620,1
1376423820,1
1376424720,1
1376425920,1
1376426220,1
1376427000,1
1376427120,1
1376428140,1
1376428320,1
1376428980,1
1376429100,1
1376429280,1
1376429820,2
1376429940,1
1376430060,1
1376430360,1
1376430480,1
1376430540,1
1376431080,1
1376431440,1
1376431620,2
1376431800,1
1376432340,1
1376433180,1
1376434500,1
1376434620,1
1376434680,2
1376434860,1
1376435280,1
1376435580,2
1376436420,1
1376436960,1
1376437380,1
1376438160,1
1376438340,1
1376438400,1
1376439720,1
1376440080,1
1376440200,2
1376442000,1
1376443680,1
1376444640,1
1376445360,1
1376445600,1
1376449320,1
1376452440,4
1376452620,1
1376473380,1
1376475300,1
1376476020,1
1376476860,1
1376478060,1
1376479860,1
1376479980,1
1376481120,1
1376481300,1
1376482620,1
1376482680,2
1376483640,1
1376483880,1
1376484000,1
1376484240,1
1376484420,1
1376484600,1
1376485380,1
1376485620,3
1376486160,3
1376487120,1
1376487600,1
1376487720,1
1376487840,2
1376488440,1
1376488920,1
1376491560,1
1376492220,1
1376492580,1
1376493180,1
1376493420,1
1376493780,1
1376494740,1
1376497320,1
1376497500,1
1376497680,2
1376498880,1
1376499120,2
1376500800,1
1376502360,3
1376502540,2
1376502600,1
1376502960,1
1376504400,1
1376505060,1
1376505420,1
1376505900,1
1376505960,1
1376506020,2
1376506560,1
1376506680,1
1376507880,2
1376508240,2
1376508360,1
1376508720,1
1376509260,2
1376509320,2
1376510700,1
1376510820,2
1376511240,1
1376511540,1
1376512200,1
1376512500,1
1376512860,1
1376512980,1
1376513160,1
1376513400,1
1376514660,1
1376514840,1
1376515380,1
1376515500,1
1376515920,1
1376516400,1
1376516760,1
1376517000,1
1376517120,2
1376517480,1
1376518380,1
1376519580,1
1376519880,1
1376520000,2
1376520240,1
1376520300,1
1376520420,1
1376520600,2
1376521440,1
1376522040,1
1376522460,1
1376523000,1
1376523480,1
1376523840,1
1376523900,1
1376524200,1
1376525160,1
1376525460,1
1376525580,2
1376526900,1
1376527680,1
1376527920,1
1376527980,1
1376528160,1
1376528280,1
1376529120,1
1376529360,1
1376529420,1
1376530500,1
1376531100,1
1376531220,1
1376531400,1
1376531880,2
1376533560,1
1376536680,1
1376558820,1
1376560680,1
1376563020,1
1376563680,1
1376563740,1
1376564100,1
1376566020,1
1376566140,1
1376566200,1
1376566320,1
1376566560,2
1376567220,1
1376567460,1
1376567880,1
1376568300,1
1376568540,1
1376568720,1
1376569080,1
1376570460,1
1376570760,1
1376571480,3
1376571900,3
1376572080,1
1376572860,1
1376573160,1
1376573640,1
1376574240,2
1376574720,1
1376574840,1
1376576640,1
1376576880,1
1376577120,1
1376579520,1
1376582700,1
1376583240,1
1376584800,1
1376586960,2
1376588040,3
1376591400,1
1376591760,1
1376592600,1
1376593320,1
1376593440,1
1376593920,2
1376594160,1
1376594460,1
1376594700,1
1376594760,2
1376596980,1
1376597520,2
1376600040,1
1376600760,1
1376601060,2
1376601480,1
1376601540,1
1376601840,1
1376602020,1
1376602140,1
1376602260,1
1376602440,1
1376602560,1
1376602620,1
1376603100,1
1376603340,1
1376603700,1
1376605080,2
1376605320,1
1376605620,2
1376605680,1
1376606460,1
1376606640,1
1376607300,2
1376607420,3
1376607840,1
1376608140,2
1376608200,1
1376608560,2
1376608680,2
1376608860,1
1376609340,2
1376609520,1
1376609760,1
1376610300,1
1376610360,1
1376610900,1
1376611860,2
1376612820,1
1376614320,1
1376615520,1
1376616780,1
1376617980,1
1376618580,1
1376618700,2
1376619120,1
1376619180,1
1376619300,1
1376620620,1
1376621820,1
1376622540,1
1376622780,1
1376623560,1
1376625840,1
1376645460,1
1376647920,1
1376649060,1
1376649780,1
1376650500,1
1376650620,1
1376651220,1
1376652960,1
1376653260,1
1376654160,1
1376655240,1
1376655360,1
1376656920,1
1376657220,1
1376657340,1
1376657400,1
1376657520,2
1376658480,1
1376658900,1
1376659920,1
1376660280,2
1376660400,1
1376660820,2
1376660940,1
1376661180,1
1376661420,1
1376661600,1
1376661780,1
1376663280,1
1376664420,1
1376664840,1
1376667600,1
1376669640,1
1376670060,2
1376671560,1
1376672220,1
1376672700,1
1376673180,1
1376674020,2
1376674080,4
1376674140,1
1376674260,2
1376674980,1
1376675760,1
1376676000,1
1376676180,1
1376676360,1
1376676960,1
1376677140,1
1376677440,2
1376677560,2
1376677680,1
1376677920,1
1376679420,3
1376679840,1
1376681880,1
1376682000,1
1376682120,1
1376682660,1
1376682780,1
1376682840,1
1376683560,1
1376684340,1
1376684460,1
1376684940,1
1376685660,1
1376685720,1
1376686740,1
1376686860,1
1376687880,2
1376688360,1
1376688720,1
1376689380,1
1376689620,1
1376689800,1
1376690220,2
1376690640,1
1376691720,1
1376692140,2
1376692440,1
1376692740,2
1376693220,1
1376693460,1
1376693640,1
1376694480,1
1376694960,1
1376695020,1
1376695320,1
1376695740,1
1376696940,1
1376699100,1
1376701680,1
1376702520,2
1376703600,1
1376706060,1
1376706420,1
1376738640,1
1376740020,1
1376741340,2
1376743080,1
1376743260,2
1376743440,2
1376744520,1
1376746200,1
1376746680,1
1376746920,1
1376748240,1
1376748360,1
1376749260,1
1376749320,2
1376751300,1
1376753760,1
1376754360,2
1376754780,1
1376754840,1
1376755020,2
1376756160,1
1376756580,1
1376756640,3
1376756940,1
1376757060,1
1376757480,1
1376758020,1
1376758140,1
1376758440,1
1376758500,2
1376758680,1
1376758920,1
1376759460,1
1376760120,1
1376761260,1
1376761860,3
1376762040,1
1376762160,1
1376762400,1
1376763300,2
1376763360,2
1376763600,2
1376763720,1
1376763780,3
1376765460,1
1376766960,1
1376767020,1
1376767140,1
1376767200,1
1376767500,4
1376767680,1
1376767860,1
1376767980,1
1376768280,1
1376768520,4
1376768700,2
1376768940,2
1376769360,2
1376770680,1
1376770920,1
1376771280,1
1376771520,1
1376771760,2
1376772360,1
1376772540,1
1376772720,1
1376772900,1
1376773140,1
1376773380,2
1376774460,2
1376776500,1
1376778000,2
1376779200,1
1376780520,1
1376780640,1
1376781720,1
1376782020,1
1376782440,1
1376782620,1
1376782680,3
1376784300,1
1376784960,2
1376785260,1
1376786880,2
1376787060,1
1376788620,1
1376790480,1
1376791800,1
1376792640,1
1376792760,1
1376793840,1
1376795700,1
1376806080,1
1376806140,1
1376823360,1
1376826360,1
1376827860,1
1376834040,1
1376835120,1
1376835240,1
1376837760,2
1376838180,1
1376841840,1
1376842320,1
1376842980,1
1376843220,1
1376844720,3
1376846400,2
1376847600,1
1376849280,1
1376854260,1
1376854560,1
1376854800,1
1376854920,1
1376855100,1
1376855700,2
1376856360,2
1376858040,2
1376858640,1
1376859960,1
1376860200,1
1376860260,1
1376860380,1
1376861400,2
1376861760,2
1376862240,1
1376863740,1
1376864040,1
1376866560,3
1376866680,1
1376866920,1
1376867340,2
1376867640,1
1376867700,1
1376868420,1
1376868780,1
1376868840,1
1376868960,1
1376869200,1
1376869380,1
1376869680,1
1376870400,1
1376870820,2
1376871060,1
1376872260,1
1376872440,1
1376872680,1
1376877120,1
1376879880,1
1376880300,1
1376904840,1
1376904960,1
1376905020,1
1376906460,1
1376906640,1
1376909040,1
1376909400,1
1376910780,1
1376911980,1
1376912280,1
1376913180,1
1376914260,1
1376914560,1
1376914740,1
1376915280,1
1376916300,1
1376916780,1
1376917260,2
1376917380,1
1376917440,1
1376917740,1
1376917860,1
1376918160,2
1376918580,1
1376920140,1
1376926320,1
1376928420,1
1376929860,1
1376930520,2
1376931060,1
1376932500,1
1376933880,1
1376934180,1
1376935140,1
1376935860,1
1376936040,1
1376936820,1
1376938680,1
1376939280,2
1376942100,1
1376943120,1
1376943420,1
1376944260,1
1376944860,1
1376945940,1
1376946060,1
1376946480,1
1376947320,1
1376949360,2
1376949660,1
1376949780,2
1376950140,1
1376950860,1
1376951220,3
1376951460,2
1376951640,1
1376952000,2
1376952060,1
1376952720,1
1376953320,2
1376953860,2
1376954460,1
1376954520,1
1376955720,1
1376955780,1
1376956440,1
1376956620,1
1376956920,1
1376957100,1
1376957760,1
1376959620,1
1376959680,1
1376959800,1
1376960160,1
1376961060,1
1376961540,1
1376962680,1
1376962740,1
1376963760,1
1376964540,1
1376964720,1
1376965020,1
1376965140,1
1376966820,1
1376967180,1
1376993280,1
1376993460,1
1376994120,1
1376996700,1
1376997780,1
1376997900,1
1376998620,1
1376998740,1
1376999400,1
1376999820,1
1377000840,1
1377001020,2
1377001140,2
1377001320,1
1377001860,1
1377002700,1
1377003240,3
1377003480,1
1377003840,4
1377004380,1
1377004500,1
1377004980,1
1377005040,1
1377006240,2
1377007860,1
1377010260,1
1377011160,1
1377011880,1
1377012300,1
1377013020,1
1377014220,1
1377015240,1
1377017040,1
1377017160,1
1377018180,1
1377018900,1
1377021240,1
1377021300,1
1377021480,1
1377021540,1
1377023520,1
1377024120,1
1377024240,1
1377024480,1
1377024720,2
1377026040,1
1377026700,1
1377028200,1
1377030120,1
1377031140,1
1377031260,1
1377031680,1
1377032640,1
1377032700,1
1377033000,1
1377033420,1
1377033480,1
1377033780,1
1377034020,1
1377034080,1
1377034500,1
1377060060,1
1377077940,1
1377078060,1
1377079260,1
1377080220,1
1377082140,1
1377082440,1
1377082620,1
1377084000,1
1377084240,1
1377084300,1
1377084480,1
1377084660,2
1377086640,1
1377087360,3
1377087540,1
1377087600,1
1377087720,1
1377088320,2
1377088860,1
1377089280,1
1377089460,2
1377089580,1
1377089700,1
1377089820,1
1377090000,2
1377090360,1
1377090600,1
1377090660,3
1377090780,1
1377090840,1
1377090900,1
1377091080,1
1377091140,1
1377091620,1
1377092040,1
1377092340,1
1377093180,2
1377093600,1
1377096600,2
1377097080,1
1377100320,1
1377101340,1
1377101580,1
1377103860,1
1377104220,1
1377104520,1
1377105540,1
1377106020,1
1377106080,1
1377106320,1
1377106560,2
1377106980,1
1377107400,1
1377107760,2
1377108120,1
1377108240,1
1377108600,2
1377109260,1
1377111120,2
1377111720,1
1377112320,1
1377112740,1
1377112860,2
1377113640,1
1377113700,1
1377113820,1
1377115140,1
1377115800,1
1377116160,1
1377119220,1
1377119460,1
1377119700,1
1377120240,1
1377120300,1
1377120360,1
1377120960,1
1377121320,1
1377121440,2
1377122040,1
1377122340,1
1377122460,2
1377123240,1
1377124980,1
1377125220,1
1377126000,1
1377126600,1
1377127020,1
1377127320,1
1377127440,2
1377127860,2
1377128160,1
1377128520,1
1377128760,2
1377128820,3
1377129060,1
1377129120,3
1377129360,3
1377129600,1
1377130080,1
1377130200,1
1377130800,1
1377130980,1
1377131220,1
1377131460,1
1377133860,1
1377134400,3
1377134760,1
1377136500,1
1377136620,1
1377136800,2
1377137160,1
1377137460,1
1377138240,1
1377138360,1
1377143220,3
1377143340,4
1377143400,3
1377148440,1
1377148800,1
1377166500,1
1377167280,1
1377168420,1
1377169020,2
1377169320,1
1377170580,1
1377171420,1
1377171720,1
1377172140,1
1377172320,1
1377172380,1
1377172980,1
1377173520,1
1377173640,1
1377173820,1
1377174000,1
1377174420,1
1377174780,1
1377174900,3
1377175440,1
1377175560,1
1377175800,1
1377176280,1
1377176520,1
1377176820,1
1377177180,1
1377184320,1
1377185580,2
1377185700,1
1377185940,1
1377188160,1
1377188400,1
1377188520,1
1377190200,1
1377190620,1
1377197520,1
1377198420,1
1377200640,1
1377204960,1
1377205080,1
1377205140,1
1377205320,1
1377206760,2
1377207300,3
1377207900,3
1377208560,1
1377208620,1
1377208920,1
1377209220,1
1377209460,1
1377209760,1
1377209880,1
1377210060,1
1377210240,1
1377212460,1
1377212640,2
1377213120,1
1377213240,2
1377213360,2
1377214560,1
1377214620,1
1377214800,1
1377215400,1
1377215580,1
1377217080,1
1377218100,1
1377218280,1
1377219480,1
1377219540,1
1377219780,1
1377220800,2
1377220860,1
1377221040,1
1377221400,1
1377221820,1
1377222060,3
1377222300,1
1377222720,1
1377222840,1
1377222900,1
1377229200,1
1377239160,1
1377241560,2
1377250920,2
1377253080,1
1377253260,1
1377253380,1
1377254400,1
1377254820,1
1377256080,1
1377257640,1
1377257700,1
1377257880,1
1377258960,2
1377259380,1
1377259920,1
1377260160,1
1377260220,1
1377260580,1
1377260700,1
1377261240,1
1377261360,1
1377261600,1
1377261900,2
1377262200,1
1377262320,1
1377263220,2
1377263400,1
1377265260,1
1377265860,1
1377267660,1
1377267780,1
1377269400,1
1377269460,1
1377269580,1
1377271080,1
1377273120,1
1377273480,1
1377273720,1
1377275220,1
1377277200,1
1377277320,2
1377278580,1
1377279000,1
1377279060,1
1377280080,1
1377280140,8
1377280320,1
1377280440,1
1377280500,3
1377280740,1
1377281640,1
1377282060,1
1377282360,1
1377282660,1
1377283380,1
1377283920,1
1377284160,1
1377284940,1
1377285300,1
1377286140,1
1377286500,2
1377286740,2
1377287040,2
1377287520,2
1377287700,1
1377288060,1
1377288480,1
1377289320,1
1377289980,1
1377290520,1
1377291000,1
1377291060,1
1377291720,2
1377292320,1
1377292680,1
1377292980,1
1377293160,1
1377294360,2
1377294420,1
1377294960,2
1377295380,2
1377295920,2
1377296820,1
1377297480,1
1377297660,1
1377298020,1
1377298320,1
1377298380,1
1377299100,1
1377299340,1
1377299400,1
1377299700,2
1377300000,2
1377300120,2
1377300900,1
1377301560,1
1377301800,1
1377301860,1
1377302400,1
1377302760,1
1377303660,2
1377304620,1
1377305460,1
1377305700,1
1377306300,1
1377307560,1
1377308520,1
1377308760,1
1377309360,1
1377309600,1
1377309720,1
1377309840,1
1377310500,1
1377311580,3
1377311640,1
1377320280,1
1377320400,1
1377340260,1
1377340800,1
1377341760,1
1377342060,1
1377342300,1
1377345840,1
1377346200,1
1377346560,3
1377346860,2
1377347760,1
1377347820,1
1377347940,1
1377348000,1
1377348360,1
1377348720,2
1377351360,2
1377351720,1
1377352260,3
1377353100,1
1377354060,1
1377354660,2
1377354780,1
1377355140,2
1377356760,1
1377357060,1
1377357360,1
1377357600,1
1377357660,1
1377358200,1
1377359100,1
1377359280,1
1377359640,2
1377360060,4
1377360360,1
1377360600,1
1377362880,1
1377363360,1
1377363960,1
1377364380,1
1377364560,1
1377365520,2
1377365820,1
1377365880,1
1377366300,1
1377367260,1
1377367320,1
1377368280,1
1377369060,2
1377370140,1
1377370440,1
1377370500,2
1377370620,3
1377371220,1
1377371400,1
1377371460,5
1377372300,1
1377372360,1
1377373140,1
1377373380,1
1377373620,1
1377373740,2
1377373860,1
1377374040,1
1377374580,2
1377374880,1
1377375240,1
1377376140,3
1377376260,2
1377377160,2
1377377640,1
1377377880,2
1377378060,2
1377378360,1
1377379440,1
1377380040,1
1377380280,2
1377380340,1
1377380640,1
1377380880,1
1377381000,2
1377381360,1
1377381420,1
1377381600,1
1377382140,1
1377382260,1
1377382740,1
1377383100,1
1377383160,1
1377383700,1
1377383760,3
1377384000,1
1377384120,1
1377386400,1
1377387240,1
1377387360,1
1377388020,1
1377388440,1
1377388560,1
1377389340,1
1377390000,1
1377391800,2
1377392820,1
1377392940,1
1377394680,1
1377396000,2
1377399120,1
1377399180,2
1377399360,1
1377403980,2
1377407940,2
1377413280,2
1377428100,1
1377429240,1
1377429540,1
1377431340,1
1377432420,2
1377432840,1
1377434640,1
1377436320,1
1377436440,1
1377436680,2
1377438360,2
1377438540,1
1377438720,1
1377438780,3
1377438840,1
1377439080,1
1377439680,1
1377439860,1
1377440880,2
1377441420,1
1377441780,1
1377443100,1
1377444120,1
1377444780,1
1377446400,1
1377446520,1
1377447600,1
1377447660,1
1377447960,2
1377449160,1
1377450060,2
1377450600,1
1377450960,1
1377451200,1
1377451320,1
1377451440,2
1377451620,1
1377452280,1
1377452760,1
1377453240,1
1377454440,2
1377455880,2
1377456180,1
1377456240,1
1377456360,2
1377456480,1
1377456660,3
1377456780,2
1377457080,1
1377457260,2
1377457380,1
1377458460,1
1377458760,1
1377459900,2
1377460860,1
1377461640,2
1377461940,2
1377462120,1
1377462240,1
1377462420,1
1377462660,1
1377463320,1
1377464700,2
1377465420,2
1377465720,1
1377466620,1
1377466740,4
1377467040,1
1377467460,1
1377467820,1
1377468360,1
1377468660,1
1377468720,1
1377469740,2
1377469860,1
1377470040,2
1377470160,1
1377470580,1
1377471240,1
1377471300,1
1377471600,1
1377471840,1
1377472800,1
1377473220,1
1377473640,1
1377475080,1
1377475260,1
1377477180,1
1377478440,1
1377478800,1
1377480000,1
1377482640,1
1377482700,1
1377482880,1
1377522540,15
1377522900,1
1377523500,1
1377523740,1
1377524280,1
1377524460,1
1377525300,1
1377525900,1
1377526380,1
1377526800,1
1377528000,1
1377528240,1
1377528840,1
1377533160,1
1377535920,2
1377536280,1
1377536580,1
1377537060,1
1377537120,1
1377537780,1
1377538020,1
1377538860,1
1377538980,2
1377540240,1
1377540300,1
1377540420,1
1377540480,1
1377540540,1
1377541500,1
1377541560,1
1377541680,1
1377542160,1
1377543600,1
1377543720,1
1377544380,1
1377545040,1
1377546120,1
1377546540,3
1377546660,1
1377546840,1
1377546960,1
1377547020,1
1377547620,1
1377547860,4
1377548100,1
1377548940,1
1377549960,1
1377550500,1
1377551280,1
1377551460,1
1377552060,5
1377552300,1
1377553200,1
1377554820,1
1377555060,5
1377555240,1
1377555360,2
1377556140,1
1377556440,1
1377556620,1
1377556740,1
1377557820,1
1377558000,2
1377558900,1
1377559080,2
1377559560,1
1377559680,1
1377560820,1
1377561000,1
1377561120,2
1377561240,1
1377561600,1
1377563580,1
1377563820,1
1377564840,1
1377566580,1
1377567120,1
1377571380,1
1377571440,1
1377572280,1
1377573360,1
1377596880,1
1377598440,1
1377598920,1
1377599460,1
1377599700,1
1377600840,1
1377601260,1
1377603120,1
1377603600,1
1377603720,1
1377603900,2
1377604260,2
1377605040,1
1377605220,1
1377605340,1
1377605400,1
1377605520,1
1377605700,1
1377605760,2
1377605880,1
1377606300,1
1377606480,1
1377606900,1
1377607320,1
1377607560,1
1377608040,1
1377608100,2
1377608760,2
1377608880,1
1377609000,3
1377611400,1
1377611940,1
1377612180,1
1377615300,1
1377618840,1
1377620520,1
1377621600,1
1377621660,2
1377622260,1
1377622680,1
1377623820,1
1377624600,1
1377625560,2
1377625740,2
1377626100,1
1377626760,1
1377627180,1
1377627900,1
1377628680,1
1377628800,1
1377629460,1
1377629640,1
1377630000,1
1377631320,1
1377631500,1
1377631740,1
1377632280,1
1377632400,1
1377632760,1
1377633240,1
1377633480,1
1377633780,1
1377634620,1
1377636180,2
1377636900,1
1377637320,1
1377637680,1
1377638100,1
1377638160,2
1377638460,1
1377638580,1
1377639240,1
1377639360,1
1377639600,1
1377639660,1
1377639780,1
1377639900,2
1377640200,3
1377640380,1
1377640680,3
1377640860,1
1377642300,2
1377642780,3
1377643200,1
1377643260,2
1377643980,1
1377644220,1
1377644340,1
1377644520,1
1377645180,1
1377645480,2
1377645840,1
1377646020,2
1377646680,2
1377646980,1
1377647640,1
1377648000,1
1377648180,1
1377648480,1
1377649080,1
1377649140,1
1377649500,1
1377650220,1
1377651240,2
1377652620,1
1377653400,1
1377653520,1
1377654600,1
1377654960,1
1377656040,1
1377664560,1
1377664680,2
1377682620,1
1377682800,1
1377684780,1
1377684900,1
1377685140,1
1377685980,1
1377686700,1
1377687360,1
1377688500,1
1377689220,1
1377690120,2
1377690720,1
1377691020,1
1377691740,2
1377691920,1
1377693300,2
1377693480,1
1377693780,1
1377693960,1
1377694440,1
1377695280,1
1377695340,1
1377695760,1
1377696360,1
1377696840,1
1377697440,1
1377697680,1
1377697920,1
1377698340,1
1377699300,1
1377700140,1
1377700980,1
1377701100,1
1377702180,1
1377703320,1
1377703860,1
1377705360,1
1377706740,1
1377712440,1
1377716160,1
1377716280,1
1377716820,1
1377717420,1
1377717900,1
1377719880,1
1377720060,1
1377721920,2
1377723120,1
1377724440,1
1377725040,1
1377725340,1
1377725460,1
1377725580,1
1377726120,2
1377726300,1
1377726780,2
1377727920,1
1377729360,1
1377729480,2
1377729840,1
1377730020,1
1377730140,1
1377730200,1
1377730320,2
1377730380,1
1377730500,2
1377730560,2
1377730740,1
1377730860,2
1377731160,2
1377731340,2
1377731820,1
1377732120,1
1377733020,1
1377733200,1
1377733740,2
1377734700,1
1377735000,1
1377736620,1
1377738060,1
1377740460,1
1377741660,1
1377742500,1
1377742740,1
1377743280,1
1377744960,1
1377770880,1
1377772260,1
1377772800,1
1377773580,1
1377776460,1
1377776940,2
1377777120,2
1377777240,2
1377777600,1
1377778260,1
1377778740,1
1377779040,1
1377779100,1
1377779280,1
1377779940,2
1377780360,1
1377780540,3
1377780600,1
1377780660,1
1377780840,2
1377781380,1
1377781800,1
1377781920,1
1377782340,1
1377782400,1
1377783240,1
1377783720,1
1377783960,1
1377785700,1
1377788400,1
1377789000,1
1377789540,1
1377790080,1
1377791760,1
1377791880,1
1377792120,1
1377792900,1
1377792960,1
1377793200,1
1377794880,2
1377796800,1
1377797040,1
1377797520,1
1377799260,1
1377799620,1
1377800700,2
1377801660,1
1377801720,1
1377801840,1
1377804600,1
1377805380,4
1377805680,1
1377806580,1
1377806700,1
1377807300,1
1377807600,1
1377807840,2
1377809400,1
1377810240,1
1377810540,1
1377810840,1
1377811380,1
1377811500,2
1377812160,1
1377812340,2
1377812760,2
1377812880,1
1377813000,1
1377813060,3
1377813480,1
1377813900,1
1377813960,1
1377814380,2
1377814980,1
1377815220,2
1377815280,2
1377815460,1
1377815640,5
1377815940,1
1377816060,1
1377816180,1
1377816600,2
1377817740,1
1377818280,3
1377819180,1
1377820320,1
1377820980,2
1377821220,2
1377821340,1
1377822120,1
1377822480,1
1377822780,3
1377824220,2
1377824340,1
1377825480,1
1377826140,2
1377826260,1
1377827040,1
1377828840,1
1377836940,1
1377864600,12
1377864840,1
1377865260,3
1377865860,1
1377866100,1
1377866760,2
1377866880,2
1377867060,1
1377867180,1
1377867300,1
1377868140,2
1377868440,1
1377869760,1
1377870120,1
1377870660,1
1377871380,1
1377872760,1
1377872940,1
1377873840,2
1377876000,1
1377877020,1
1377877560,1
1377877680,1
1377878820,1
1377879540,2
1377881700,3
1377881820,1
1377882180,1
1377882660,1
1377883020,1
1377883740,1
1377883920,2
1377884040,1
1377885120,1
1377885180,2
1377885300,1
1377886200,3
1377886320,1
1377886980,1
1377888300,1
1377888480,2
1377888540,1
1377888720,1
1377888840,1
1377888900,1
1377890100,3
1377891120,1
1377891240,1
1377891480,1
1377892080,1
1377892260,1
1377892560,1
1377892680,1
1377892980,1
1377893160,1
1377893820,3
1377894420,2
1377895020,1
1377895320,1
1377895380,1
1377895500,1
1377895680,1
1377895860,1
1377896100,1
1377896340,1
1377896520,2
1377896640,1
1377896940,1
1377897000,1
1377897120,1
1377897180,1
1377897420,1
1377897600,1
1377898260,1
1377898380,1
1377898560,2
1377898680,1
1377898980,1
1377899460,1
1377899760,1
1377899820,1
1377900180,1
1377900240,1
1377900780,1
1377901140,1
1377901740,1
1377902700,1
1377903240,1
1377903360,1
1377904380,1
1377905580,1
1377907680,1
1377907740,2
1377907980,1
1377908820,1
1377910740,2
1377911100,1
1377912300,1
1377912780,2
1377913140,1
1377915540,2
1377917940,1
1377926340,1
1377947340,1
1377953280,3
1377953340,2
1377954000,2
1377954060,2
1377954120,3
1377954240,3
1377957600,3
1377957900,1
1377958080,3
1377958800,1
1377958920,2
1377959040,1
1377961500,1
1377961800,1
1377962100,1
1377963840,2
1377964980,1
1377965280,1
1377965400,1
1377965880,1
1377966840,1
1377967800,1
1377968160,1
1377968820,2
1377969180,1
1377970380,1
1377970740,2
1377971460,5
1377972120,1
1377972720,3
1377973020,1
1377973320,2
1377973980,3
1377974160,1
1377974280,1
1377975780,1
1377976920,1
1377977220,1
1377977640,1
1377977880,4
1377979380,1
1377979680,1
1377980040,1
1377980760,1
1377981540,1
1377982260,1
1377982380,1
1377982440,2
1377982860,1
1377983040,1
1377983400,1
1377983580,2
1377983940,1
1377984300,1
1377984540,1
1377985620,1
1377985980,1
1377987060,2
1377987120,1
1377987660,1
1377989280,1
1377989400,1
1377990000,1
1377990240,1
1377991320,1
1377991380,2
1377991920,2
1377995280,1
1377996900,3
1377998400,1
1377999060,1
1377999240,1
1378009380,1
1378009440,1
1378011360,1
1378011420,1
1378031760,1
1378032120,1
1378035720,1
1378039200,1
1378042500,1
1378043040,3
1378044360,1
1378044960,2
1378045740,1
1378045860,2
1378045920,1
1378046940,1
1378047900,1
1378048320,2
1378049040,1
1378049220,1
1378049880,1
1378051080,1
1378052460,1
1378052940,1
1378053120,1
1378053720,2
1378054200,4
1378054260,1
1378054500,1
1378055460,2
1378055760,1
1378056120,1
1378056180,1
1378056300,2
1378056420,1
1378057560,1
1378057800,1
1378057980,2
1378059060,1
1378059420,2
1378059720,1
1378060080,1
1378060200,1
1378060320,3
1378060500,1
1378061100,1
1378061220,2
1378062000,2
1378062120,2
1378062600,1
1378063080,1
1378063740,2
1378063920,1
1378064100,1
1378064940,2
1378065120,1
1378065480,1
1378065840,1
1378065960,1
1378066020,2
1378066800,2
1378068300,1
1378068780,1
1378071780,2
1378072380,1
1378072560,1
1378072800,1
1378072980,1
1378073280,2
1378073400,1
1378074060,1
1378074300,2
1378074540,3
1378074600,1
1378075500,2
1378076340,1
1378076880,1
1378077840,1
1378079640,4
1378079760,1
1378079940,2
1378080120,3
1378085820,1
1378086120,3
1378086240,1
1378086480,1
1378090680,1
1378094040,1
1378114740,1
1378116360,1
1378116960,1
1378119180,1
1378123140,1
1378124040,1
1378124640,1
1378126620,2
1378128660,1
1378129380,1
1378130220,1
1378130340,1
1378130400,1
1378130580,1
1378130700,1
1378131600,1
1378131780,2
1378131900,1
1378131960,2
1378133640,1
1378134540,1
1378134720,1
1378134780,1
1378135080,1
1378135680,3
1378135800,1
1378135980,1
1378136340,1
1378136520,1
1378137180,1
1378137360,1
1378137660,1
1378137960,2
1378140420,4
1378140540,2
1378140960,1
1378142040,1
1378142220,1
1378142940,1
1378144260,1
1378144800,1
1378145040,1
1378145280,1
1378149540,2
1378150620,1
1378152300,2
1378152780,2
1378152960,1
1378153200,1
1378153260,1
1378153440,1
1378153500,3
1378154340,1
1378154880,1
1378155960,1
1378156740,1
1378157280,1
1378158300,1
1378158540,1
1378159860,1
1378159920,1
1378160460,2
1378160580,1
1378160640,4
1378161120,1
1378161540,1
1378161660,2
1378161960,1
1378162020,1
1378162920,1
1378163280,1
1378163940,1
1378164660,1
1378164960,1
1378165140,1
1378165260,1
1378165500,1
1378165740,1
1378169580,1
1378170300,1
1378170540,1
1378170600,2
1378174260,1
1378201020,1
1378202100,1
1378204080,1
1378204740,1
1378204860,1
1378205460,1
1378208460,3
1378208880,1
1378209300,2
1378210620,1
1378212180,2
1378212540,1
1378212660,2
1378213140,1
1378213200,1
1378213320,1
1378213500,2
1378214760,1
1378215780,1
1378216140,1
1378218660,1
1378223460,1
1378224600,1
1378226040,1
1378226340,1
1378227060,1
1378227420,1
1378228020,1
1378228500,2
1378229640,1
1378230240,2
1378230660,1
1378230840,1
1378231860,1
1378232760,2
1378233780,1
1378234620,2
1378235640,1
1378236180,1
1378236240,1
1378236420,1
1378236780,1
1378237020,1
1378238280,1
1378238340,2
1378238520,1
1378238580,1
1378240140,1
1378240560,1
1378240800,1
1378243020,1
1378243080,1
1378243380,1
1378244220,1
1378244520,1
1378244640,1
1378245180,1
1378245600,1
1378246200,1
1378246560,1
1378246800,1
1378248240,1
1378248540,1
1378248840,1
1378249140,1
1378249620,2
1378249800,1
1378249860,2
1378250460,1
1378250940,1
1378252020,1
1378252800,1
1378253040,1
1378254540,1
1378254900,2
1378255800,1
1378256280,1
1378256400,1
1378256760,1
1378258020,1
1378258140,1
1378258440,1
1378258620,1
1378266360,1
1378287240,1
1378287480,1
1378288080,1
1378290480,1
1378291200,1
1378294200,1
1378294740,1
1378294920,1
1378295400,1
1378295580,3
1378295760,2
1378295820,1
1378296300,1
1378297380,2
1378297680,1
1378297860,2
1378297920,1
1378298220,1
1378298460,1
1378300980,1
1378302180,2
1378302600,1
1378303140,3
1378303320,1
1378304640,2
1378304820,1
1378305720,5
1378308480,1
1378308660,1
1378310220,1
1378310940,1
1378311360,1
1378313220,1
1378313340,3
1378314960,1
1378315320,1
1378316040,1
1378316880,1
1378317300,1
1378317660,1
1378318560,2
1378318740,2
1378319100,1
1378319220,1
1378319640,2
1378320900,1
1378321440,1
1378321500,1
1378322280,1
1378322460,1
1378324200,2
1378324320,1
1378324440,1
1378325880,1
1378327320,1
1378327440,1
1378327560,1
1378328160,1
1378328460,2
1378329720,1
1378330260,1
1378330680,1
1378330800,1
1378330980,1
1378331460,1
1378332900,2
1378333140,1
1378333980,1
1378334040,1
1378334820,1
1378334940,1
1378335240,1
1378336080,2
1378336440,1
1378337280,2
1378337640,1
1378337880,2
1378338840,1
1378339680,1
1378340040,1
1378340520,1
1378340640,1
1378340760,1
1378340940,1
1378341360,1
1378341900,1
1378342920,1
1378343400,1
1378343760,1
1378345380,1
1378348500,1
1378349160,1
1378350840,1
1378373880,1
1378376280,1
1378377300,1
1378377780,1
1378378740,1
1378378800,1
1378381560,2
1378382160,1
1378382280,1
1378382460,1
1378382640,1
1378382880,1
1378383180,1
1378383540,1
1378384500,1
1378384740,1
1378385340,2
1378385580,1
1378385700,1
1378386180,3
1378386300,1
1378386540,1
1378386600,1
1378386720,1
1378386780,2
1378386960,1
1378387020,1
1378387260,1
1378387680,1
1378389780,2
1378390200,1
1378390860,1
1378391160,1
1378391640,1
1378392900,1
1378393500,1
1378394340,1
1378395480,1
1378397340,1
1378397520,1
1378397880,1
1378399380,2
1378399920,1
1378401000,1
1378401240,1
1378401540,1
1378401600,2
1378401900,1
1378402860,1
1378403640,1
1378404060,2
1378404180,2
1378404300,1
1378404540,1
1378404840,2
1378405980,1
1378407600,1
1378408200,1
1378408500,1
1378408680,1
1378408980,1
1378411980,1
1378412760,1
1378413420,2
1378413540,1
1378413720,1
1378414140,1
1378415040,1
1378416180,2
1378416420,2
1378416840,5
1378417080,1
1378417560,1
1378417680,1
1378417980,1
1378418280,1
1378418640,1
1378418940,2
1378419480,1
1378420140,1
1378420260,1
1378420380,1
1378420620,1
1378420680,1
1378422420,2
1378423080,1
1378423260,1
1378423380,1
1378423560,1
1378423980,1
1378424820,1
1378425000,1
1378425180,1
1378425540,1
1378427520,1
1378427640,2
1378427820,2
1378428240,1
1378428360,1
1378428480,1
1378428720,1
1378428840,1
1378429140,1
1378429440,1
1378429680,1
1378430640,1
1378430700,1
1378431600,1
1378431840,1
1378432440,1
1378432920,1
1378433400,2
1378435140,1
1378435380,1
1378437720,1
1378438500,1
1378439040,1
1378440420,1
1378442940,2
1378462740,1
1378463640,1
1378463820,1
1378464300,1
1378464600,1
1378464900,1
1378465140,1
1378466940,1
1378467420,1
1378468860,1
1378468920,2
1378470360,1
1378470660,2
1378471020,1
1378471140,1
1378471380,1
1378471680,1
1378471740,2
1378472460,1
1378472640,1
1378473060,2
1378473420,1
1378473720,2
1378474020,1
1378474620,1
1378474980,1
1378475460,1
1378475700,1
1378476660,1
1378476840,1
1378479180,1
1378481760,1
1378481820,1
1378481940,1
1378482540,1
1378482840,1
1378483200,1
1378485300,1
1378485360,1
1378486860,1
1378486980,2
1378487160,1
1378487520,1
1378488000,1
1378488480,1
1378488660,2
1378488900,1
1378489200,1
1378489320,1
1378489620,1
1378490580,1
1378490640,1
1378491240,1
1378491780,1
1378492680,1
1378493100,1
1378493220,1
1378494480,1
1378495080,1
1378496220,2
1378496760,1
1378496940,1
1378498380,1
1378498740,2
1378499040,1
1378499640,2
1378500960,1
1378501020,1
1378501500,1
1378501800,1
1378501920,1
1378502820,3
1378502940,2
1378503060,1
1378503720,2
1378504380,1
1378504560,1
1378505280,1
1378505460,1
1378505700,1
1378505880,2
1378506240,2
1378506420,2
1378506720,2
1378507620,3
1378507800,1
1378507980,1
1378508160,2
1378510260,1
1378510440,1
1378510560,1
1378510860,1
1378511340,1
1378511700,1
1378513620,1
1378515720,1
1378515960,1
1378517040,1
1378523580,1
1378523700,1
1378548060,2
1378548180,2
1378548240,2
1378548360,1
1378548420,5
1378550640,1
1378552920,1
1378553160,1
1378553880,1
1378554000,1
1378555320,1
1378556040,1
1378556340,2
1378557060,1
1378557240,1
1378557300,1
1378559160,1
1378559880,2
1378559940,1
1378560060,1
1378560480,1
1378562340,2
1378563480,1
1378563660,1
1378564080,1
1378564560,1
1378564800,1
1378564980,4
1378565700,1
1378566240,1
1378566360,1
1378566780,1
1378567140,1
1378567200,1
1378567560,1
1378568100,1
1378568160,2
1378568580,1
1378568940,2
1378569120,1
1378569240,2
1378569720,1
1378570020,1
1378570320,1
1378570440,1
1378570740,5
1378571700,1
1378571820,3
1378571940,1
1378572240,1
1378572540,1
1378572960,1
1378573200,2
1378573380,1
1378573740,1
1378574520,1
1378574760,1
1378575180,1
1378575360,1
1378575960,3
1378577340,3
1378577580,1
1378578000,1
1378578060,2
1378578660,1
1378578720,2
1378579080,1
1378579380,7
1378579500,1
1378579980,1
1378580220,1
1378580400,1
1378580940,1
1378581060,1
1378581420,1
1378581600,1
1378581780,1
1378582020,1
1378582200,2
1378582620,1
1378582800,2
1378582980,2
1378583520,1
1378583820,1
1378583940,1
1378584480,1
1378584540,2
1378584660,1
1378585440,2
1378586160,2
1378586580,1
1378587540,2
1378588020,1
1378588620,1
1378588980,3
1378589100,4
1378589220,2
1378589340,4
1378589460,2
1378589520,2
1378589580,1
1378589820,3
1378589880,1
1378590000,1
1378590240,1
1378590420,1
1378590540,3
1378592340,5
1378592460,3
1378592700,1
1378593480,2
1378593780,1
1378593900,1
1378594020,2
1378594320,1
1378594920,2
1378595460,1
1378595580,3
1378595820,1
1378596540,2
1378596720,2
1378596840,1
1378597260,3
1378597500,1
1378598520,1
1378599060,2
1378600920,2
1378602060,1
1378602780,1
1378605120,2
1378605180,3
1378605300,3
1378608480,1
1378609140,3
1378609260,2
1378616760,1
1378639680,1
1378641600,1
1378641720,1
1378641840,1
1378642740,1
1378643820,1
1378643940,2
1378644420,1
1378644600,2
1378645260,1
1378645680,1
1378647060,2
1378647240,4
1378647840,2
1378648680,1
1378648800,2
1378649280,1
1378649640,1
1378649700,1
1378650180,1
1378650420,1
1378650780,1
1378651380,2
1378651800,1
1378651920,2
1378652700,1
1378652760,1
1378652940,1
1378653780,2
1378653960,2
1378654080,1
1378654320,2
1378654380,1
1378654560,1
1378655880,1
1378656000,1
1378656060,1
1378656180,1
1378657200,1
1378657620,2
1378657740,1
1378657980,1
1378658100,1
1378658400,1
1378659000,1
1378660500,1
1378661220,2
1378662720,2
1378663080,2
1378663500,1
1378663620,3
1378663860,2
1378664940,1
1378665180,4
1378666560,1
1378666680,2
1378666800,1
1378667280,1
1378668240,1
1378668360,1
1378668420,3
1378668540,3
1378668780,1
1378668900,2
1378669140,2
1378669680,1
1378670580,1
1378671480,1
1378671540,1
1378672260,1
1378672740,1
1378673100,2
1378673640,1
1378673940,2
1378674120,1
1378674360,1
1378674480,1
1378674600,1
1378674900,1
1378674960,1
1378675200,1
1378675680,1
1378675980,1
1378676160,1
1378676700,1
1378676760,1
1378677420,1
1378677540,1
1378677660,1
1378677960,2
1378678020,1
1378678500,3
1378678740,1
1378679460,1
1378679640,1
1378679760,3
1378680480,1
1378680540,1
1378681380,5
1378681680,1
1378682700,1
1378683060,1
1378684200,2
1378684440,1
1378685040,1
1378685100,2
1378686720,2
1378687920,1
1378688580,1
1378688760,1
1378689600,1
1378689840,1
1378689960,2
1378690680,1
1378695000,1
1378698240,1
1378719240,2
1378719300,1
1378719420,1
1378720080,1
1378721940,1
1378722660,1
1378725540,1
1378727160,1
1378727940,1
1378728060,1
1378729020,1
1378729380,1
1378729680,1
1378729980,1
1378730520,2
1378730880,1
1378731060,1
1378731540,1
1378731720,1
1378732020,1
1378732260,1
1378733160,1
1378734060,2
1378734180,2
1378735260,1
1378735380,1
1378737060,1
1378738140,1
1378738620,1
1378738740,2
1378739100,2
1378741920,1
1378742340,2
1378743840,1
1378745040,2
1378745820,1
1378746540,1
1378748280,2
1378748400,2
1378749240,1
1378751400,1
1378751760,1
1378751880,1
1378753740,1
1378754040,1
1378754700,1
1378755120,1
1378755360,1
1378755540,1
1378757880,2
1378758240,1
1378759500,2
1378760700,1
1378760940,1
1378761180,2
1378761600,1
1378761840,1
1378762080,2
1378763340,2
1378763820,1
1378764480,4
1378764600,1
1378765080,1
1378765860,2
1378766100,1
1378767420,1
1378767720,1
1378768140,1
1378768620,1
1378769400,1
1378769820,2
1378769940,1
1378770480,1
1378771440,1
1378771620,1
1378771740,3
1378772040,1
1378772100,1
1378772220,2
1378772280,1
1378773000,1
1378773420,1
1378773600,2
1378774080,1
1378774500,2
1378775160,1
1378776120,1
1378777020,1
1378777740,1
1378777920,1
1378778220,1
1378778400,1
1378780140,1
1378806480,1
1378807320,1
1378807440,1
1378807920,1
1378808040,1
1378808520,1
1378811100,1
1378811280,2
1378811760,2
1378812540,1
1378812780,1
1378813260,2
1378813440,1
1378813800,1
1378814040,1
1378814160,2
1378814280,1
1378814340,1
1378814520,1
1378814940,1
1378815180,1
1378815240,2
1378815540,1
1378815660,1
1378816140,1
1378816500,1
1378817100,1
1378817340,1
1378817460,3
1378817520,1
1378817880,1
1378818060,1
1378818660,1
1378818840,1
1378820220,1
1378820400,1
1378820460,1
1378821180,2
1378821540,1
1378826580,1
1378827780,1
1378828080,1
1378828260,1
1378828920,1
1378829760,1
1378831500,1
1378831740,1
1378833000,1
1378835280,2
1378835940,1
1378836420,1
1378836660,1
1378837140,3
1378838640,1
1378839120,1
1378839480,1
1378840260,1
1378841460,1
1378842000,1
1378842540,2
1378843080,2
1378843440,1
1378844220,1
1378844280,1
1378844460,2
1378844520,1
1378844880,2
1378845000,1
1378845960,3
1378846140,2
1378846380,1
1378846500,1
1378846800,1
1378847280,1
1378847640,1
1378847700,1
1378847760,1
1378847820,1
1378848420,2
1378848480,1
1378848600,2
1378848660,1
1378849140,1
1378849380,1
1378850040,1
1378850280,1
1378851060,1
1378851180,2
1378851900,1
1378852020,1
1378852080,1
1378852740,1
1378852980,4
1378853280,3
1378853880,1
1378854120,2
1378854480,3
1378854720,1
1378854840,1
1378855260,1
1378855380,2
1378856280,1
1378856460,2
1378856880,1
1378857240,1
1378857660,1
1378858680,1
1378860960,1
1378861200,1
1378862700,1
1378862880,1
1378863540,1
1378863600,1
1378865100,1
1378872360,2
1378892160,1
1378892340,1
1378892460,1
1378892640,1
1378893120,1
1378895340,1
1378895400,1
1378895640,1
1378895820,1
1378897500,2
1378898100,1
1378899600,1
1378899660,1
1378900080,1
1378900380,1
1378900740,1
1378900800,3
1378901280,1
1378901760,1
1378902180,2
1378903080,1
1378903440,2
1378903500,2
1378903560,3
1378903740,2
1378903860,2
1378904040,2
1378904160,1
1378904340,1
1378905480,2
1378906320,1
1378908180,1
1378908540,1
1378908840,1
1378909320,1
1378909500,2
1378909620,1
1378910640,1
1378910880,1
1378911600,1
1378911780,1
1378911840,1
1378912260,1
1378912980,1
1378913580,1
1378913940,1
1378915080,1
1378916160,2
1378916280,1
1378916760,1
1378917360,1
1378919940,1
1378920120,1
1378920240,1
1378920300,1
1378920900,1
1378922460,1
1378922520,1
1378923060,1
1378924080,1
1378924200,1
1378924800,1
1378925100,1
1378925640,2
1378926360,1
1378926780,1
1378928160,3
1378928760,1
1378929480,1
1378929780,1
1378930200,2
1378930440,2
1378931100,2
1378931820,1
1378931880,1
1378932000,2
1378932480,1
1378933020,2
1378934580,2
1378935240,1
1378935420,1
1378935720,1
1378936080,3
1378936380,1
1378936560,1
1378936860,3
1378937340,2
1378937580,2
1378937820,1
1378937940,1
1378938300,1
1378938420,1
1378938540,1
1378938780,1
1378938900,2
1378939020,2
1378939140,1
1378939260,2
1378939380,2
1378939800,2
1378940220,7
1378940400,1
1378940580,1
1378940640,1
1378941120,1
1378941180,1
1378941240,1
1378941720,1
1378941840,1
1378943160,1
1378943460,1
1378943640,1
1378943700,1
1378944180,1
1378944540,1
1378944900,1
1378945980,1
1378947780,1
1378948980,1
1378949280,1
1378950360,1
1378950480,1
1378951500,1
1378951680,1
1378953300,1
1378953780,1
1378953900,1
1378954500,1
1378954920,1
1378958820,1
1378980420,1
1378980540,2
1378980660,1
1378981320,1
1378981500,1
1378983600,2
1378983780,1
1378984380,1
1378986240,1
1378986540,1
1378987020,1
1378988280,1
1378988940,1
1378989720,1
1378989900,2
1378990260,1
1378990920,1
1378991100,1
1378991280,1
1378991520,2
1378991820,1
1378992600,1
1378992780,2
1378992840,1
1378992960,1
1378995060,1
1378995960,1
1378996320,1
1378996500,1
1378996680,1
1378997460,1
1378997820,1
1378998300,1
1378998420,1
1378999740,1
1379001180,1
1379001600,1
1379001780,1
1379002380,1
1379003040,2
1379003340,1
1379003520,1
1379004060,1
1379005740,1
1379007360,1
1379008380,1
1379008680,1
1379009520,2
1379010240,1
1379010660,3
1379011320,1
1379011680,1
1379012820,1
1379013000,1
1379015220,1
1379015940,1
1379016420,1
1379016900,2
1379017080,2
1379017980,2
1379018280,1
1379018520,1
1379019180,3
1379019540,1
1379020140,1
1379020200,1
1379020860,1
1379021580,2
1379022060,1
1379022180,1
1379022300,1
1379022900,1
1379023080,1
1379023500,1
1379023680,4
1379023980,1
1379024580,1
1379025240,2
1379025480,2
1379025540,2
1379026320,3
1379026980,2
1379027160,2
1379027280,1
1379027340,1
1379027520,1
1379027880,1
1379028360,1
1379028540,1
1379030160,1
1379030460,1
1379034780,1
1379036700,1
1379037360,1
1379038080,1
1379038200,1
1379038320,1
1379039040,1
1379039220,1
1379041560,1
1379042040,1
1379050080,1
1379065200,1
1379065740,1
1379066100,1
1379067060,1
1379068440,1
1379068920,1
1379069340,1
1379069580,1
1379070180,1
1379070240,1
1379070540,1
1379071020,1
1379071260,1
1379073840,2
1379073960,2
1379074380,1
1379074800,1
1379076120,1
1379076420,1
1379076720,1
1379077500,1
1379078460,1
1379078880,1
1379079180,2
1379079480,1
1379079960,1
1379080380,1
1379081040,1
1379081400,1
1379081820,1
1379082600,1
1379084280,1
1379085960,1
1379088000,1
1379088240,4
1379089380,1
1379091540,1
1379093160,1
1379093460,1
1379093880,3
1379094660,1
1379094840,1
1379095080,1
1379095980,1
1379096760,1
1379096880,1
1379097180,1
1379098140,1
1379098380,1
1379098920,1
1379099880,1
1379100660,1
1379101140,1
1379101620,1
1379101860,1
1379102160,2
1379102280,1
1379102700,1
1379102940,1
1379103180,1
1379103240,1
1379104020,2
1379104140,2
1379105520,1
1379105880,1
1379106060,1
1379106360,1
1379106840,1
1379108460,1
1379108940,1
1379109240,1
1379109420,1
1379110020,1
1379110200,1
1379110260,3
1379110440,1
1379110500,1
1379111160,1
1379111640,1
1379112060,1
1379112600,1
1379113320,2
1379113380,1
1379113500,1
1379113740,1
1379114340,2
1379114460,1
1379115060,1
1379115480,1
1379115600,2
1379115780,1
1379116680,1
1379118300,1
1379118780,1
1379118900,1
1379119260,1
1379120280,1
1379120400,1
1379120880,1
1379122620,1
1379123520,2
1379123760,1
1379126640,1
1379127060,1
1379127240,1
1379130900,1
1379150760,5
1379154780,1
1379155020,1
1379155980,1
1379156340,1
1379159520,2
1379159880,1
1379160120,1
1379161560,1
1379162400,1
1379163000,1
1379163300,1
1379164560,1
1379165700,1
1379169300,1
1379169480,1
1379169840,1
1379170200,1
1379170260,1
1379170440,1
1379170740,1
1379171520,1
1379171820,1
1379172420,2
1379172540,1
1379173980,1
1379174160,1
1379174400,1
1379174580,1
1379174820,1
1379175240,1
1379175480,1
1379175900,1
1379175960,1
1379176080,1
1379176380,1
1379176680,1
1379176980,1
1379177040,1
1379177700,2
1379178960,1
1379179500,1
1379179800,1
1379179980,3
1379180100,1
1379180640,1
1379180760,1
1379182440,1
1379182500,1
1379183460,3
1379183580,3
1379183760,1
1379185080,1
1379185440,1
1379185800,1
1379185980,1
1379186400,1
1379186820,2
1379187840,2
1379188200,1
1379189340,1
1379189520,1
1379190180,1
1379190600,1
1379190840,2
1379191920,3
1379192040,1
1379192220,1
1379192820,2
1379192880,1
1379193960,1
1379194380,1
1379194560,1
1379195760,2
1379197080,1
1379197260,1
1379197500,1
1379197860,1
1379197980,1
1379198280,1
1379198580,2
1379200140,1
1379200320,1
1379201160,1
1379201400,1
1379202600,1
1379202840,2
1379203620,1
1379205300,1
1379207580,4
1379207880,2
1379208960,1
1379210640,1
1379211780,1
1379240700,1
1379244840,1
1379245560,1
1379246220,1
1379247300,1
1379247960,1
1379250300,1
1379250960,1
1379251380,1
1379252220,1
1379255460,2
1379256420,1
1379257260,1
1379257980,1
1379258340,1
1379258700,1
1379258940,1
1379259420,1
1379260620,1
1379260680,1
1379261160,1
1379261220,1
1379262180,1
1379262720,2
1379262900,1
1379263080,1
1379263380,1
1379263500,1
1379263980,1
1379264580,1
1379264760,1
1379264820,1
1379265360,2
1379265420,1
1379266020,1
1379266260,1
1379266860,1
1379267040,1
1379267100,1
1379267280,1
1379267880,1
1379268180,1
1379268420,1
1379268720,1
1379269020,1
1379269320,1
1379269440,2
1379269560,1
1379270280,1
1379270520,1
1379270580,1
1379270700,1
1379270880,1
1379271120,1
1379271420,1
1379271540,1
1379271720,1
1379272200,1
1379273880,2
1379274540,1
1379274840,1
1379274960,1
1379275320,1
1379275440,1
1379275980,1
1379276160,2
1379276340,1
1379276640,1
1379276940,2
1379277720,1
1379278260,1
1379278380,2
1379278560,1
1379278920,1
1379280000,1
1379280060,1
1379280240,2
1379280300,1
1379280720,1
1379280780,1
1379281380,1
1379282700,1
1379282940,1
1379283180,3
1379283540,1
1379283660,1
1379283780,2
1379284140,1
1379284380,1
1379284680,1
1379285280,1
1379285760,3
1379285820,1
1379293080,13
1379294880,2
1379299020,2
1379299800,1
1379299920,1
1379324280,1
1379324520,2
1379324640,3
1379325000,1
1379325420,1
1379326080,1
1379326500,2
1379326860,1
1379327220,1
1379328540,1
1379329980,1
1379331060,3
1379332560,1
1379332800,1
1379333160,1
1379333220,1
1379333820,1
1379333940,1
1379335260,1
1379336520,1
1379336580,1
1379337000,1
1379337120,1
1379338320,1
1379338500,2
1379339400,1
1379339880,1
1379340480,1
1379340540,1
1379341500,1
1379342760,1
1379342880,1
1379343060,1
1379346780,1
1379350020,1
1379350620,1
1379350740,1
1379350860,1
1379352300,1
1379352480,3
1379352660,1
1379352780,1
1379355360,1
1379355480,1
1379355780,3
1379356020,2
1379356920,1
1379357100,1
1379358420,1
1379358840,1
1379359380,1
1379359560,1
1379361120,1
1379361660,1
1379362320,1
1379362560,1
1379362860,1
1379363640,2
1379363880,1
1379365080,1
1379365920,1
1379366100,1
1379368200,1
1379368260,2
1379368740,1
1379369040,1
1379370540,1
1379370600,1
1379370660,1
1379370780,1
1379370960,1
1379371140,2
1379371740,1
1379372340,1
1379372400,1
1379372700,1
1379372880,1
1379372940,1
1379373120,2
1379373720,1
1379373900,1
1379374200,1
1379374440,1
1379374560,1
1379374920,1
1379375280,2
1379375400,1
1379375880,2
1379376120,1
1379376720,1
1379376900,1
1379377980,1
1379378880,1
1379379360,2
1379379780,1
1379380440,2
1379380800,1
1379382240,1
1379383080,1
1379383320,1
1379384400,1
1379386380,1
1379386620,2
1379388180,1
1379412600,1
1379412780,1
1379413260,1
1379413680,1
1379414160,1
1379414820,1
1379414880,1
1379415120,1
1379415480,1
1379416020,1
1379416620,1
1379417700,1
1379417820,1
1379418840,1
1379419140,1
1379419260,1
1379420100,1
1379420580,1
1379421660,1
1379421900,1
1379422080,1
1379422200,2
1379422260,1
1379422380,1
1379422440,1
1379422740,1
1379422980,2
1379423220,1
1379423760,1
1379423940,1
1379424120,1
1379424180,3
1379424660,1
1379427540,1
1379428800,1
1379429280,1
1379431800,1
1379431920,1
1379432580,1
1379432880,1
1379434680,1
1379434800,2
1379437620,1
1379439000,1
1379439300,1
1379439600,1
1379439780,1
1379440920,1
1379440980,1
1379441040,1
1379441580,1
1379441940,1
1379442180,1
1379442480,1
1379443800,1
1379443980,1
1379444220,1
1379444580,1
1379445000,1
1379445060,1
1379445120,2
1379445240,2
1379445540,1
1379445780,1
1379447100,1
1379448300,1
1379448600,1
1379449620,1
1379450040,1
1379450220,1
1379450280,1
1379450400,1
1379450520,1
1379450700,1
1379452080,1
1379452440,2
1379453580,1
1379453880,4
1379453940,2
1379454000,2
1379454600,2
1379455200,2
1379455500,1
1379456280,1
1379456460,1
1379456760,1
1379456820,1
1379457240,2
1379457420,1
1379457660,1
1379457720,1
1379457960,1
1379458020,1
1379458080,1
1379458140,1
1379458260,1
1379458320,2
1379458500,2
1379459220,1
1379459460,2
1379459880,1
1379460120,2
1379460720,1
1379460960,1
1379461500,1
1379461740,3
1379461860,2
1379461980,1
1379462160,1
1379462520,1
1379463900,1
1379464020,1
1379464140,1
1379465160,1
1379465280,2
1379466120,1
1379466780,1
1379467620,3
1379468340,1
1379468700,1
1379469180,1
1379470140,1
1379470380,1
1379470440,1
1379471280,1
1379496960,1
1379497380,1
1379497620,1
1379497800,1
1379497920,1
1379499000,1
1379499480,1
1379499600,1
1379500380,1
1379500920,1
1379502420,1
1379502540,1
1379503080,1
1379503380,1
1379503740,1
1379503860,1
1379504220,1
1379504400,1
1379505960,2
1379506320,1
1379506740,1
1379506800,1
1379506860,1
1379507700,1
1379507940,1
1379508000,1
1379508180,1
1379508600,2
1379508960,1
1379509020,2
1379509200,1
1379509860,1
1379510220,1
1379510820,1
1379511720,1
1379511900,1
1379512020,1
1379512200,1
1379513760,1
1379514180,1
1379515860,1
1379516400,1
1379516580,1
1379518860,1
1379519160,1
1379519460,1
1379519880,1
1379520060,1
1379520420,1
1379520900,2
1379521500,1
1379523180,1
1379523480,1
1379524140,1
1379524980,1
1379525820,1
1379526420,1
1379526660,2
1379528340,1
1379528460,1
1379529180,1
1379529420,1
1379529540,3
1379529960,1
1379530920,2
1379531040,1
1379531160,1
1379531640,1
1379531760,3
1379532060,2
1379532300,1
1379534940,1
1379535120,1
1379535360,2
1379535480,1
1379535960,1
1379536080,1
1379536320,1
1379537400,1
1379538060,1
1379538360,1
1379538780,1
1379539320,1
1379539860,1
1379540100,2
1379540220,1
1379541060,2
1379541240,1
1379541720,1
1379541960,2
1379542140,1
1379542500,1
1379542620,1
1379542680,1
1379543040,1
1379543280,2
1379544180,2
1379544900,1
1379545680,2
1379546280,1
1379546520,1
1379546580,1
1379547660,1
1379548500,1
1379548620,1
1379549040,3
1379549580,1
1379550060,1
1379550600,1
1379551260,1
1379552700,1
1379553000,1
1379554560,1
1379554620,1
1379555340,2
1379556300,2
1379556420,2
1379556720,1
1379557800,1
1379581020,2
1379581320,3
1379585700,1
1379586420,1
1379586600,1
1379587020,1
1379588880,1
1379589780,2
1379589960,1
1379590080,1
1379591460,1
1379591640,3
1379592840,2
1379593320,1
1379593980,1
1379594340,2
1379594400,1
1379594640,1
1379594880,3
1379595540,1
1379596380,1
1379596860,1
1379597520,2
1379597760,1
1379597940,1
1379598900,1
1379599320,1
1379599380,1
1379599740,1
1379600100,1
1379601480,1
1379603520,1
1379603700,1
1379604000,1
1379604360,1
1379605140,1
1379606880,1
1379608260,1
1379608500,1
1379608860,1
1379610060,1
1379610480,2
1379611380,1
1379611980,1
1379612460,1
1379612520,2
1379614380,1
1379614740,1
1379616420,3
1379616600,1
1379617200,1
1379617500,2
1379617680,1
1379617980,1
1379618160,1
1379620020,1
1379620260,2
1379620380,1
1379621040,1
1379621640,1
1379621940,1
1379622060,1
1379622240,3
1379622540,1
1379623860,1
1379624100,1
1379624340,4
1379625060,1
1379625240,2
1379625300,1
1379625600,2
1379626560,1
1379626860,2
1379627520,1
1379627640,1
1379628060,1
1379628780,2
1379629680,2
1379629980,1
1379630400,1
1379630820,1
1379630940,1
1379631060,1
1379631660,2
1379631780,2
1379631840,1
1379632080,2
1379633280,1
1379634720,1
1379634840,1
1379635200,2
1379637360,1
1379638440,1
1379638800,1
1379639760,1
1379641440,1
1379647200,1
1379647380,1
1379649540,1
1379653140,2
1379653320,1
1379670120,1
1379670360,1
1379671140,1
1379671440,1
1379672400,1
1379672940,1
1379673240,1
1379674920,1
1379675100,1
1379675640,1
1379675940,1
1379676600,1
1379677620,1
1379679360,1
1379679480,1
1379679540,1
1379680560,1
1379680680,1
1379680800,1
1379680980,1
1379681400,1
1379681520,1
1379681640,1
1379681700,1
1379682240,1
1379682300,1
1379682480,1
1379682720,1
1379682960,1
1379683140,1
1379684820,1
1379684940,1
1379685120,1
1379688720,1
1379688900,1
1379689320,2
1379689440,1
1379691540,2
1379691840,1
1379692140,1
1379692620,1
1379692860,1
1379693100,1
1379693340,1
1379693400,3
1379693700,1
1379696880,5
1379697000,2
1379697540,2
1379697660,1
1379697840,2
1379698020,1
1379698680,2
1379699460,1
1379699520,1
1379700300,2
1379700780,1
1379701140,1
1379701380,1
1379702580,1
1379702640,2
1379702760,1
1379703900,1
1379704620,1
1379704740,2
1379705040,1
1379705100,1
1379705460,1
1379705520,1
1379705700,2
1379706540,2
1379707680,1
1379708160,1
1379708640,1
1379708940,1
1379710020,1
1379710320,1
1379710860,1
1379710980,1
1379711760,2
1379712000,1
1379712240,1
1379712720,1
1379713380,1
1379713500,1
1379713980,1
1379714160,3
1379714340,1
1379714520,1
1379715960,2
1379716800,1
1379717220,1
1379717340,1
1379717520,1
1379717640,1
1379717880,1
1379718000,2
1379718660,1
1379718900,1
1379719200,1
1379719680,1
1379719740,2
1379719860,1
1379720340,2
1379720700,1
1379720880,1
1379721180,1
1379721240,1
1379722080,1
1379723340,1
1379723460,1
1379723580,1
1379727840,1
1379728620,1
1379729040,2
1379730900,1
1379731140,1
1379732340,1
1379734620,1
1379758920,1
1379759100,1
1379759640,1
1379759820,1
1379760180,1
1379762880,1
1379764380,1
1379764440,1
1379764800,1
1379766480,1
1379767140,1
1379767260,1
1379767440,1
1379767740,1
1379767920,2
1379768100,1
1379768820,2
1379768940,1
1379769000,1
1379770260,1
1379770740,1
1379770920,1
1379770980,1
1379771220,1
1379773200,1
1379773800,1
1379774040,1
1379774460,1
1379774880,1
1379775300,1
1379776740,1
1379777160,1
1379777280,1
1379779020,1
1379780100,1
1379780160,1
1379780940,1
1379781180,1
1379781840,2
1379783160,2
1379783340,1
1379784960,2
1379785440,1
1379785680,2
1379785860,2
1379785920,3
1379786340,2
1379786400,4
1379786580,2
1379786640,1
1379786700,1
1379787360,2
1379787840,1
1379788140,2
1379788620,1
1379788920,1
1379789100,2
1379789220,1
1379789400,1
1379790000,2
1379790360,1
1379790840,1
1379790900,1
1379791740,3
1379791800,1
1379792760,1
1379792820,1
1379792940,1
1379794080,1
1379794620,3
1379794920,1
1379795940,1
1379796480,1
1379797260,2
1379797380,2
1379797560,2
1379797800,1
1379797980,4
1379798100,1
1379798160,1
1379799180,1
1379799300,2
1379799420,1
1379799540,2
1379799960,4
1379800440,4
1379800740,1
1379801580,1
1379801820,1
1379802000,1
1379802120,1
1379802360,2
1379802420,2
1379802840,1
1379803140,1
1379803800,1
1379804220,1
1379804940,1
1379805180,1
1379806380,1
1379808300,1
1379808480,1
1379808660,1
1379808900,1
1379813640,1
1379815200,1
1379816340,1
1379847120,1
1379847240,1
1379852520,1
1379853480,1
1379854080,1
1379854560,1
1379855040,1
1379855880,1
1379857140,1
1379858520,1
1379858880,1
1379859000,2
1379859060,1
1379859540,1
1379860260,2
1379860440,2
1379861340,1
1379861640,1
1379861820,2
1379862120,2
1379862480,2
1379863140,2
1379863320,2
1379864040,1
1379865000,1
1379865720,1
1379865840,1
1379866080,1
1379867280,3
1379867460,1
1379867760,2
1379868120,2
1379868300,1
1379869140,2
1379869620,1
1379870400,1
1379870580,1
1379870760,1
1379870880,1
1379871060,1
1379871240,1
1379872260,2
1379872440,2
1379872860,1
1379872980,1
1379873040,1
1379874360,1
1379874540,1
1379874840,2
1379876160,1
1379876580,1
1379876640,1
1379876760,2
1379877240,1
1379877420,1
1379877840,2
1379878020,2
1379878440,4
1379878620,2
1379878980,2
1379879160,2
1379879700,2
1379880240,1
1379880780,2
1379881140,4
1379881320,2
1379881440,1
1379881920,1
1379882100,2
1379883120,1
1379883180,1
1379883360,1
1379883660,1
1379884140,1
1379884500,2
1379884620,1
1379885160,1
1379885940,1
1379886180,1
1379886780,1
1379886960,1
1379887140,1
1379888040,1
1379888820,3
1379889000,1
1379889480,2
1379889780,1
1379889840,1
1379890080,1
1379890680,1
1379891220,1
1379891700,1
1379892960,2
1379894340,1
1379894520,1
1379896320,1
1379897280,3
1379899620,1
1379900580,1
1379903520,1
1379903940,1
1379905260,1
1379906520,2
1379929260,1
1379929320,1
1379929620,1
1379930160,1
1379930220,1
1379930340,1
1379931120,1
1379932140,1
1379933220,2
1379933340,2
1379933520,1
1379934900,1
1379935500,1
1379937360,1
1379937900,1
1379938320,1
1379938440,1
1379939460,1
1379939760,1
1379940000,1
1379940060,1
1379941080,1
1379942340,1
1379942760,1
1379944320,1
1379945580,1
1379946540,1
1379948280,1
1379949180,1
1379949540,1
1379951100,1
1379951340,1
1379952600,1
1379952780,1
1379954700,1
1379955240,1
1379960100,1
1379960880,1
1379961240,1
1379963220,1
1379964660,1
1379965080,1
1379965260,1
1379968380,1
1379968620,1
1379968860,1
1379969220,1
1379969460,1
1379969820,1
1379970240,1
1379970420,1
1379970660,1
1379971200,2
1379971560,1
1379971740,2
1379972040,1
1379972220,1
1379972280,2
1379972460,1
1379972640,1
1379973960,5
1379974260,2
1379974380,1
1379974860,1
1379975100,1
1379975460,2
1379975580,1
1379976120,1
1379976780,2
1379977020,1
1379977200,1
1379977320,1
1379977440,1
1379977620,1
1379977680,1
1379977980,1
1379978280,1
1379978460,1
1379979540,2
1379979600,1
1379979660,1
1379980440,1
1379980800,1
1379981640,1
1379982420,1
1379982840,1
1379983680,2
1379984340,1
1379984700,1
1379984940,1
1379985120,1
1379987160,1
1379987340,1
1379992980,1
1379995260,1
1380005400,2
1380014760,1
1380015660,1
1380016560,1
1380016740,1
1380017640,1
1380018540,1
1380018840,1
1380019020,1
1380019320,2
1380019860,1
1380020340,1
1380021120,1
1380022140,1
1380022980,1
1380023160,1
1380023760,1
1380024900,1
1380025980,1
1380026160,1
1380026400,1
1380027420,1
1380027540,2
1380027600,1
1380027660,2
1380027720,3
1380028320,1
1380029700,1
1380030960,1
1380031980,1
1380032880,1
1380033120,1
1380033900,1
1380035220,1
1380036540,1
1380036720,1
1380036900,1
1380038760,1
1380039240,1
1380040200,1
1380041700,1
1380042120,3
1380042300,1
1380042660,1
1380043020,1
1380044340,1
1380045840,1
1380046080,1
1380046140,3
1380048120,1
1380049080,1
1380050940,2
1380052080,2
1380052200,1
1380052320,1
1380052920,2
1380052980,5
1380053520,2
1380053580,1
1380053760,1
1380053880,1
1380054720,1
1380055020,1
1380055560,1
1380056160,1
1380056220,1
1380056640,1
1380057300,1
1380057540,2
1380058260,1
1380058740,2
1380058920,1
1380059160,2
1380059280,2
1380059460,3
1380059640,1
1380060120,1
1380060900,1
1380062160,2
1380062520,1
1380062640,1
1380062760,1
1380062820,1
1380063060,1
1380063300,1
1380063480,3
1380063960,1
1380065280,1
1380065400,1
1380065460,1
1380065520,1
1380066780,1
1380068460,1
1380068700,1
1380069480,1
1380069660,2
1380070740,1
1380070920,3
1380071280,1
1380073200,1
1380073320,1
1380074640,1
1380076800,1
1380080580,1
1380098640,1
1380101580,1
1380101700,1
1380101820,1
1380102000,1
1380103140,1
1380106020,1
1380106500,1
1380106980,1
1380107220,1
1380107460,1
1380107580,1
1380108600,1
1380108840,1
1380108960,1
1380109380,1
1380109920,1
1380110880,1
1380111420,1
1380111960,1
1380112620,1
1380112680,2
1380113760,1
1380116040,1
1380116100,1
1380116700,1
1380116820,1
1380117000,1
1380117180,1
1380118020,1
1380118320,1
1380118980,1
1380119100,1
1380119640,1
1380121320,1
1380122340,1
1380125400,1
1380125940,1
1380126360,1
1380127020,1
1380127740,1
1380128160,1
1380128280,1
1380129180,1
1380129240,1
1380129420,1
1380129600,3
1380130080,2
1380130200,1
1380130380,1
1380131100,1
1380131460,1
1380131820,1
1380132540,1
1380133320,1
1380133740,1
1380134760,1
1380135540,1
1380135780,2
1380136020,1
1380136200,1
1380136380,1
1380136740,1
1380136980,2
1380138000,1
1380138060,1
1380138240,1
1380138540,1
1380138840,1
1380139140,2
1380139320,2
1380139560,1
1380139680,1
1380140640,1
1380140880,1
1380141780,1
1380142380,1
1380142980,1
1380143760,1
1380144180,1
1380144360,1
1380144540,1
1380144780,1
1380145020,1
1380145380,1
1380145620,1
1380145920,1
1380146040,1
1380146160,1
1380146220,2
1380146340,1
1380146460,2
1380146940,2
1380147000,1
1380147780,2
1380148080,1
1380148320,1
1380148380,1
1380148740,1
1380148800,1
1380149160,1
1380149340,1
1380149400,1
1380149460,1
1380149520,1
1380149640,2
1380149700,2
1380149880,1
1380150180,2
1380151740,1
1380152640,1
1380152700,1
1380153900,1
1380154140,1
1380155160,1
1380156060,1
1380156720,1
1380157680,1
1380158460,1
1380159600,1
1380161760,1
1380164220,1
1380164460,1
1380164640,1
1380188520,1
1380190980,1
1380191460,1
1380192660,1
1380192780,1
1380193140,2
1380193380,1
1380194220,1
1380194580,1
1380195000,1
1380195600,1
1380195840,1
1380196020,1
1380196320,1
1380196380,1
1380197880,3
1380198120,1
1380199440,1
1380200640,1
1380200880,2
1380201060,1
1380201180,1
1380202440,1
1380205080,3
1380205860,1
1380205980,1
1380206580,1
1380206880,1
1380208260,1
1380208500,1
1380211320,1
1380212880,1
1380214740,1
1380216360,1
1380216660,1
1380216780,1
1380216900,1
1380217620,1
1380217920,1
1380218280,2
1380218400,2
1380218580,1
1380218820,1
1380219540,1
1380219900,1
1380220080,1
1380220560,1
1380221700,1
1380221880,2
1380221940,1
1380222240,1
1380222420,2
1380223560,1
1380223920,1
1380225000,1
1380225240,1
1380226500,1
1380227640,1
1380228360,1
1380229980,1
1380230280,1
1380231480,1
1380232440,3
1380232680,1
1380233220,2
1380233640,1
1380233820,1
1380234660,2
1380235020,1
1380235620,1
1380235680,1
1380236340,1
1380236580,1
1380236760,1
1380236940,1
1380238020,1
1380238380,1
1380238620,1
1380239640,1
1380239880,2
1380240000,1
1380240120,1
1380240240,2
1380240480,1
1380243600,1
1380243900,1
1380244020,1
1380244620,1
1380245040,1
1380246840,1
1380247080,1
1380247260,1
1380248580,1
1380248700,1
1380250920,1
1380251280,1
1380255600,1
1380256260,1
1380273960,2
1380274260,1
1380274560,1
1380274860,1
1380275760,1
1380276480,1
1380276720,1
1380278040,3
1380278760,1
1380282000,1
1380282120,1
1380283140,1
1380283860,1
1380283980,1
1380284520,1
1380286020,1
1380286200,1
1380287340,1
1380287580,2
1380287940,1
1380288180,1
1380288360,1
1380288660,1
1380289980,2
1380291180,1
1380291600,1
1380292980,1
1380293280,1
1380293580,1
1380293880,1
1380294660,1
1380295380,1
1380296100,1
1380296160,1
1380296280,1
1380296460,1
1380296700,1
1380297480,1
1380298440,1
1380298560,1
1380298860,1
1380299040,1
1380299280,1
1380300300,1
1380301320,2
1380304560,1
1380304620,2
1380304980,1
1380305220,1
1380305940,1
1380307020,1
1380308100,1
1380308160,1
1380308340,1
1380308700,1
1380309420,1
1380310260,1
1380311160,1
1380312000,1
1380312660,1
1380313020,1
1380313080,1
1380314520,1
1380316140,2
1380317580,1
1380317760,1
1380317940,2
1380318000,1
1380318420,3
1380318660,1
1380318900,1
1380320460,1
1380320580,1
1380320640,1
1380321120,1
1380321720,1
1380322140,1
1380322440,1
1380323040,1
1380323160,1
1380323340,1
1380323640,1
1380323820,1
1380324600,1
1380325680,1
1380325920,1
1380326220,1
1380326340,1
1380327960,1
1380328200,1
1380328380,1
1380328800,1
1380329460,1
1380331260,1
1380331380,1
1380332460,1
1380332640,2
1380332880,1
1380333600,2
1380333780,2
1380336660,1
1380336960,1
1380337620,1
1380342240,1
1380362760,1
1380364620,1
1380364740,1
1380367260,1
1380367860,1
1380369060,1
1380369480,1
1380369600,1
1380370740,2
1380372360,1
1380372420,1
1380373500,2
1380374160,1
1380375360,1
1380375720,1
1380376020,1
1380376620,1
1380377280,1
1380378120,1
1380378240,1
1380378720,1
1380378840,1
1380379020,2
1380379680,1
1380379800,1
1380379980,1
1380380580,3
1380381180,1
1380381660,2
1380382920,1
1380383220,1
1380383580,1
1380383640,1
1380383820,1
1380384060,1
1380384120,1
1380384180,1
1380384360,1
1380384480,2
1380384780,1
1380385140,1
1380385560,2
1380386160,1
1380386640,3
1380387060,1
1380388380,1
1380388800,2
1380389040,2
1380389280,1
1380390480,1
1380390840,1
1380390960,1
1380391140,2
1380391260,3
1380391440,1
1380391740,1
1380392580,1
1380392640,1
1380392700,1
1380393420,2
1380393960,3
1380394200,2
1380394620,1
1380395280,1
1380396060,1
1380396480,1
1380396600,1
1380397080,1
1380397440,1
1380397920,1
1380398160,3
1380398340,3
1380398460,2
1380398700,1
1380399060,2
1380399540,2
1380400680,1
1380400740,1
1380402120,1
1380402480,2
1380402540,1
1380402720,1
1380402960,2
1380403140,2
1380403620,2
1380404040,1
1380404880,2
1380405000,1
1380405060,1
1380405660,1
1380405900,1
1380406560,1
1380406620,1
1380406860,1
1380406980,2
1380407160,1
1380407400,1
1380407640,2
1380408180,1
1380408540,1
1380409260,1
1380409740,2
1380409800,1
1380411420,1
1380412080,1
1380412740,1
1380412800,1
1380412920,1
1380413220,1
1380414420,10
1380414540,1
1380415140,10
1380415320,8
1380415560,1
1380416940,1
1380421140,1
1380426840,2
1380427860,2
1380434400,1
1380438420,2
1380451920,2
1380452040,2
1380453180,1
1380453300,1
1380455220,1
1380455460,1
1380455820,1
1380455940,1
1380456120,2
1380458940,1
1380461580,1
1380461640,1
1380462720,1
1380462780,1
1380463800,1
1380464820,1
1380465960,1
1380467400,1
1380469080,1
1380470220,1
1380470640,1
1380471300,1
1380472800,1
1380473940,2
1380475320,1
1380476280,2
1380476340,1
1380477540,1
1380477960,1
1380478020,1
1380478680,1
1380479220,2
1380479400,1
1380479580,1
1380480000,1
1380480180,2
1380480300,1
1380480600,1
1380481020,4
1380481200,3
1380481260,2
1380481440,1
1380481500,1
1380481920,1
1380482100,1
1380483840,1
1380484200,1
1380485040,3
1380485460,1
1380485640,3
1380485820,1
1380485940,1
1380486240,1
1380486480,2
1380486900,1
1380487440,1
1380487620,1
1380487860,1
1380489000,1
1380489120,1
1380489600,1
1380490920,2
1380491580,1
1380491880,1
1380492000,1
1380492060,1
1380492480,2
1380493080,1
1380493320,1
1380493500,2
1380493920,1
1380494940,1
1380495240,2
1380495720,1
1380496620,1
1380496920,2
1380497820,1
1380497940,1
1380498900,1
1380499020,2
1380499140,1
1380499380,1
1380499800,1
1380500580,1
1380501540,1
1380502860,1
1380504780,1
1380505380,1
1380505560,2
1380509280,1
1380512400,1
1380519180,1
1380533940,1
1380534060,1
1380534600,1
1380535380,1
1380535800,1
1380535980,1
1380536340,1
1380536460,1
1380536520,2
1380537540,1
1380538260,1
1380539160,1
1380540840,1
1380541980,1
1380542400,1
1380542700,1
1380542760,1
1380542880,1
1380543480,2
1380544320,1
1380544620,1
1380545340,1
1380545640,1
1380545820,2
1380545880,1
1380546240,1
1380546360,1
1380546480,1
1380546720,2
1380546900,1
1380547500,1
1380549660,1
1380550920,1
1380551100,1
1380552360,1
1380553380,1
1380553920,1
1380554460,1
1380556020,1
1380556860,1
1380557040,1
1380558000,1
1380559740,1
1380560100,1
1380560160,3
1380560340,1
1380560580,1
1380561000,1
1380561120,1
1380562440,1
1380563040,1
1380563940,1
1380565080,1
1380567240,1
1380567480,1
1380568560,1
1380570000,1
1380571620,1
1380573000,1
1380574080,3
1380574260,1
1380575460,2
1380576360,1
1380576540,1
1380577620,1
1380577680,1
1380578700,1
1380578880,1
1380579000,2
1380579360,1
1380579600,1
1380579900,1
1380580320,2
1380580680,1
1380581640,2
1380582660,1
1380582960,1
1380583440,1
1380583620,1
1380583800,1
1380584580,1
1380584760,1
1380584880,2
1380585180,1
1380586080,1
1380586440,1
1380586560,1
1380587040,2
1380591000,1
1380591480,1
1380592020,3
1380593040,1
1380594000,1
1380597540,1
1380619920,1
1380620280,1
1380620820,1
1380622260,1
1380622800,1
1380622860,1
1380622920,1
1380623580,1
1380624480,1
1380625500,1
1380625920,1
1380627240,1
1380628440,1
1380628560,1
1380629040,1
1380629340,1
1380629580,1
1380629820,1
1380630180,1
1380630720,1
1380631080,2
1380632040,1
1380632580,1
1380633240,1
1380634200,1
1380635760,1
1380637080,1
1380637800,1
1380637920,1
1380638880,2
1380641100,1
1380641160,1
1380641640,1
1380643080,1
1380643560,1
1380644040,1
1380644400,1
1380646200,2
1380647340,1
1380647760,1
1380649020,1
1380649080,1
1380649260,1
1380649320,1
1380649560,2
1380649740,1
1380649980,1
1380650280,1
1380650580,1
1380650760,1
1380651060,2
1380653400,1
1380653520,1
1380653640,1
1380654180,1
1380654660,3
1380654780,1
1380655260,1
1380655380,1
1380655440,1
1380655920,2
1380656340,1
1380656700,1
1380656880,1
1380657300,1
1380657540,1
1380658260,1
1380659400,1
1380659700,1
1380659880,1
1380661800,1
1380662160,1
1380662460,1
1380662760,1
1380662880,1
1380663480,1
1380663720,1
1380664020,1
1380664200,1
1380664440,1
1380664920,2
1380665400,1
1380665820,1
1380665940,1
1380666240,1
1380666420,2
1380666600,1
1380666720,1
1380667440,1
1380668280,2
1380669060,1
1380669480,1
1380669840,1
1380671160,1
1380671760,1
1380673680,1
1380673800,1
1380676080,1
1380676140,1
1380676800,1
1380677880,1
1380678360,1
1380678480,1
1380678600,1
1380678900,1
1380679800,1
1380680340,2
1380680820,1
1380681600,1
1380682020,1
1380682380,1
1380682440,1
1380682560,1
1380683220,1
1380684360,2
1380688380,4
1380706500,1
1380706560,1
1380706740,1
1380707820,1
1380708480,1
1380708840,1
1380710400,1
1380711780,1
1380712980,1
1380713580,1
1380714300,1
1380714720,1
1380715020,1
1380715260,1
1380716100,2
1380717000,1
1380717120,1
1380717240,1
1380717600,1
1380717840,1
1380717960,1
1380718500,1
1380720300,1
1380722640,1
1380722880,1
1380723300,2
1380723480,1
1380724740,1
1380726600,1
1380727500,1
1380727620,1
1380728040,1
1380729180,2
1380729660,2
1380730080,1
1380730800,1
1380731460,1
1380731580,1
1380732000,1
1380732600,1
1380733080,1
1380733560,1
1380734460,1
1380734940,1
1380735780,1
1380736440,1
1380736680,1
1380736800,1
1380737160,1
1380737460,1
1380737640,1
1380737820,3
1380737940,3
1380738060,1
1380738780,1
1380741540,1
1380741960,1
1380742380,1
1380742920,2
1380743340,1
1380743460,1
1380743580,1
1380744480,1
1380745080,1
1380746160,1
1380746340,1
1380746700,1
1380748080,1
1380748200,2
1380748260,1
1380748320,1
1380748740,1
1380749160,1
1380749580,4
1380750120,2
1380750420,1
1380750540,1
1380750780,1
1380751380,1
1380751620,1
1380751680,1
1380752160,1
1380752640,2
1380752880,1
1380753900,1
1380754020,3
1380754320,1
1380754440,1
1380754980,1
1380755220,2
1380755340,1
1380755640,2
1380756060,1
1380756180,1
1380756480,1
1380757260,2
1380757680,2
1380757740,2
1380757800,1
1380758580,1
1380759000,1
1380759180,1
1380760020,1
1380760620,1
1380761280,1
1380761340,1
1380762000,1
1380762420,1
1380762540,2
1380763140,1
1380764280,1
1380764520,1
1380764940,1
1380765000,1
1380766140,2
1380766380,1
1380766680,1
1380811140,11
1380811260,2
1380811800,1
1380813540,1
1380815880,2
1380816240,1
1380817200,1
1380817680,1
1380818880,2
1380820200,1
1380821040,1
1380821520,1
1380822060,1
1380822120,1
1380822360,1
1380822660,1
1380822720,1
1380823020,1
1380823140,1
1380823260,1
1380824160,2
1380825360,1
1380825480,2
1380825840,1
1380826800,1
1380826920,1
1380827820,1
1380828360,1
1380828660,1
1380828960,1
1380829920,1
1380830280,2
1380830700,1
1380830940,1
1380831360,1
1380831600,1
1380831660,1
1380831780,1
1380832020,1
1380833880,1
1380834240,1
1380834600,1
1380834780,1
1380835260,1
1380835620,1
1380836640,1
1380837000,1
1380837120,2
1380837240,2
1380837660,2
1380837720,1
1380837900,1
1380838620,1
1380839340,2
1380839580,1
1380840360,1
1380841080,1
1380841200,1
1380841860,1
1380842640,1
1380842820,1
1380844080,2
1380844560,2
1380844680,1
1380845400,1
1380845520,1
1380847200,1
1380848460,1
1380849180,1
1380850140,1
1380851580,1
1380851640,1
1380853200,1
1380854280,1
1380855720,1
1380857700,1
1380857760,1
1380878820,2
1380879120,3
1380879480,1
1380879600,2
1380880740,1
1380882360,1
1380882780,1
1380883800,1
1380884580,1
1380885180,1
1380885600,1
1380887040,1
1380887280,1
1380887340,1
1380887520,1
1380888180,1
1380888780,1
1380889020,1
1380889200,3
1380889380,1
1380890940,1
1380891060,1
1380891240,1
1380891420,1
1380891780,1
1380892440,1
1380893220,1
1380893280,1
1380893400,1
1380894000,1
1380894120,1
1380895920,1
1380896340,1
1380899940,1
1380900420,1
1380901740,1
1380902820,1
1380904140,1
1380904320,1
1380904620,1
1380904740,1
1380905700,1
1380905760,1
1380905880,1
1380907020,1
1380907140,1
1380907260,1
1380907620,1
1380907740,1
1380908040,2
1380908220,1
1380908460,1
1380908640,1
1380908760,1
1380908940,1
1380910020,1
1380910560,2
1380910860,1
1380911280,1
1380911340,2
1380911760,1
1380912300,2
1380912840,1
1380912900,1
1380913080,1
1380913260,1
1380913380,1
1380913740,1
1380914160,1
1380914820,1
1380915960,1
1380916500,1
1380916740,1
1380917520,1
1380917700,1
1380917820,1
1380918240,1
1380918720,1
1380919080,1
1380919380,1
1380919620,2
1380919740,2
1380920340,2
1380920520,1
1380920820,2
1380920880,1
1380921420,1
1380921840,1
1380922740,2
1380922920,1
1380923040,1
1380923400,1
1380923520,3
1380923940,1
1380924240,3
1380924420,1
1380924720,2
1380924840,1
1380925260,1
1380925320,2
1380925380,1
1380925560,1
1380925860,1
1380926160,1
1380926400,1
1380926760,1
1380926940,1
1380927600,1
1380927660,1
1380927780,2
1380928020,2
1380928860,1
1380929040,1
1380929520,1
1380931020,1
1380931440,2
1380933720,1
1380934140,1
1380934980,1
1380935100,1
1380935760,1
1380936540,1
1380937800,1
1380939300,1
1380939420,1
1380942000,1
1380942120,1
1380943980,1
1380944580,1
1380948660,1
1380955620,1
1380955680,1
1380968760,1
1380969420,1
1380972720,1
1380974220,1
1380974820,1
1380975900,1
1380976500,1
1380977340,1
1380977460,1
1380977520,2
1380978180,3
1380978240,1
1380978360,1
1380978420,1
1380979020,1
1380980400,1
1380980760,1
1380981420,2
1380983280,1
1380983760,1
1380984360,1
1380986820,1
1380987420,2
1380987900,1
1380988380,1
1380989820,1
1380990780,1
1380991080,1
1380992040,1
1380992160,1
1380993000,1
1380993480,2
1380993720,1
1380994740,1
1380995340,1
1380995760,1
1380995880,1
1380997740,1
1380997860,2
1380998940,1
1380999240,3
1380999360,2
1380999420,1
1380999540,1
1380999780,1
1381000140,2
1381001220,1
1381001460,4
1381001760,1
1381001880,2
1381002480,1
1381003080,1
1381003680,1
1381003740,1
1381003860,1
1381003980,1
1381004160,2
1381004520,1
1381004760,1
1381004940,1
1381005300,1
1381005360,3
1381005480,1
1381005720,1
1381005780,1
1381006500,1
1381007100,1
1381007280,3
1381007460,1
1381018920,5
1381019160,1
1381019460,1
1381020900,1
1381021320,1
1381021440,1
1381022460,1
1381023060,2
1381025700,1
1381026360,1
1381027860,2
1381059120,1
1381060080,1
1381060860,1
1381063260,1
1381063680,1
1381064820,2
1381065180,1
1381065720,1
1381067460,1
1381067760,1
1381067880,1
1381068060,2
1381068360,1
1381068420,1
1381069920,1
1381072980,1
1381073220,1
1381073520,1
1381073640,1
1381074060,1
1381074960,1
1381075920,1
1381076760,1
1381077360,1
1381080960,1
1381081020,1
1381081320,1
1381081740,1
1381081800,1
1381082460,1
1381082880,1
1381083720,1
1381083840,1
1381083960,1
1381084020,4
1381084560,1
1381084620,1
1381085280,3
1381085580,1
1381086240,1
1381086420,1
1381086900,1
1381087080,1
1381087560,1
1381087680,1
1381088160,1
1381089720,2
1381090080,2
1381091280,1
1381091760,1
1381092000,1
1381092060,1
1381092120,1
1381092300,1
1381092420,1
1381093560,1
1381094280,1
1381094580,1
1381095180,1
1381095480,1
1381096380,2
1381096440,2
1381096560,3
1381097880,1
1381098300,1
1381100100,1
1381100520,1
1381101060,1
1381102680,1
1381103220,1
1381103460,2
1381104360,2
1381104540,1
1381104840,1
1381105740,1
1381105800,1
1381109220,1
1381109400,1
1381138920,5
1381139880,1
1381140540,1
1381141080,1
1381141740,1
1381142580,1
1381144260,1
1381144380,1
1381145640,1
1381146960,1
1381147440,1
1381147620,1
1381147980,1
1381148040,1
1381148280,1
1381149060,1
1381149720,1
1381149900,1
1381150080,1
1381150320,1
1381150380,1
1381150620,1
1381150860,1
1381151400,3
1381151580,1
1381151760,1
1381152000,1
1381153440,1
1381153860,1
1381154040,1
1381154880,1
1381154940,1
1381155120,1
1381157100,1
1381158060,1
1381159200,1
1381159740,1
1381160940,2
1381161060,1
1381162200,1
1381165740,1
1381167900,1
1381168260,1
1381168440,1
1381168620,1
1381168860,1
1381169100,2
1381169340,1
1381169520,1
1381170420,1
1381171680,1
1381172460,1
1381173900,1
1381174620,1
1381176180,1
1381180440,1
1381180740,1
1381181940,2
1381182180,1
1381182300,1
1381182540,1
1381182780,1
1381182840,1
1381183020,1
1381184820,1
1381185420,1
1381186740,1
1381187280,1
1381188660,1
1381189740,1
1381189920,1
1381190220,2
1381190820,1
1381193280,1
1381193460,1
1381194960,1
1381195140,1
1381197780,1
1381200660,1
1381202340,1
1381202640,1
1381202880,1
1381203720,1
1381217580,1
1381225200,1
1381226820,1
1381227240,1
1381227660,1
1381229400,1
1381230600,1
1381230780,1
1381231020,1
1381231740,1
1381232220,1
1381232520,1
1381233540,1
1381233960,1
1381234380,1
1381234500,1
1381234740,1
1381234920,2
1381235220,1
1381236660,1
1381237320,1
1381237380,1
1381237500,1
1381237740,2
1381238160,2
1381238460,1
1381238580,1
1381240140,1
1381240200,1
1381240500,1
1381240740,1
1381241040,1
1381242720,1
1381242960,1
1381243740,1
1381243920,1
1381244340,1
1381245120,1
1381245240,1
1381245420,1
1381245720,2
1381245840,1
1381245900,1
1381245960,1
1381246080,1
1381248360,1
1381248600,1
1381249020,1
1381250220,2
1381251180,1
1381251960,1
1381253100,2
1381253580,1
1381253940,1
1381254360,1
1381254660,1
1381256640,1
1381256820,2
1381256880,1
1381257120,1
1381258440,1
1381259040,1
1381259460,1
1381259580,2
1381259880,1
1381260480,1
1381260780,1
1381261500,1
1381261680,1
1381262700,1
1381263420,1
1381263960,1
1381264260,1
1381264980,1
1381265340,1
1381266060,2
1381266360,1
1381266720,2
1381266900,1
1381267500,1
1381267560,1
1381267620,1
1381268160,1
1381268460,2
1381268520,2
1381269300,1
1381269720,1
1381269900,3
1381270020,1
1381270560,1
1381270680,2
1381271220,2
1381271400,1
1381272180,1
1381272360,2
1381272480,1
1381273200,2
1381273320,1
1381273500,2
1381273800,1
1381274220,1
1381274580,1
1381274820,1
1381274880,1
1381275840,1
1381275900,1
1381278720,1
1381280880,1
1381281240,1
1381281960,1
1381282380,1
1381283220,1
1381284300,1
1381284480,1
1381285380,1
1381287060,1
1381288500,1
1381288620,1
1381290780,1
1381311360,1
1381311480,1
1381311720,1
1381312740,1
1381312920,1
1381314300,1
1381314780,1
1381315020,1
1381315200,1
1381315620,1
1381316820,1
1381319040,1
1381319460,1
1381320000,1
1381320060,1
1381320480,1
1381320780,1
1381320900,1
1381321320,1
1381322100,1
1381322340,1
1381322700,2
1381323360,1
1381323720,2
1381323960,1
1381324080,1
1381324380,1
1381324440,1
1381325580,1
1381325940,1
1381328160,1
1381328940,1
1381333320,1
1381333740,1
1381336680,1
1381337820,1
1381338000,1
1381338420,1
1381338840,1
1381339200,3
1381339620,1
1381339920,1
1381340220,1
1381340940,1
1381342320,1
1381342440,1
1381342800,1
1381343820,2
1381344000,1
1381344240,1
1381344840,1
1381345320,1
1381345440,1
1381345500,1
1381345800,1
1381346580,1
1381347420,1
1381347960,1
1381348560,1
1381349940,1
1381350000,1
1381350240,2
1381350360,1
1381350420,1
1381350840,1
1381351080,1
1381351620,1
1381351920,1
1381352880,1
1381353060,1
1381353720,1
1381354020,2
1381354620,1
1381354680,1
1381354920,1
1381355040,2
1381355400,1
1381356600,1
1381357500,1
1381357740,1
1381358520,2
1381358640,1
1381358700,1
1381358880,2
1381359060,1
1381359240,1
1381359900,1
1381360020,1
1381360140,1
1381360560,2
1381361760,1
1381362060,1
1381362420,1
1381363620,1
1381363920,1
1381364040,1
1381364340,1
1381365240,1
1381365540,1
1381366320,1
1381371180,1
1381397820,1
1381397940,1
1381398780,1
1381398840,1
1381400520,1
1381401180,1
1381401540,1
1381402080,1
1381403160,1
1381403760,1
1381404180,1
1381404480,1
1381406040,1
1381406400,1
1381407000,1
1381407540,1
1381408020,1
1381408560,1
1381409340,1
1381409460,1
1381409580,1
1381409640,1
1381409820,2
1381409940,1
1381410540,1
1381410840,2
1381411080,1
1381414080,1
1381416240,1
1381417020,1
1381417380,1
1381419780,1
1381420440,2
1381421460,1
1381422120,1
1381423200,1
1381425000,1
1381425120,1
1381425300,1
1381426320,1
1381426440,1
1381426740,1
1381427280,1
1381427880,1
1381428720,1
1381429620,1
1381429920,1
1381430520,1
1381431300,1
1381431420,1
1381432080,1
1381432320,1
1381432740,1
1381433760,1
1381433820,1
1381433940,1
1381434000,1
1381434120,1
1381434420,1
1381435320,1
1381435440,1
1381436340,1
1381436760,1
1381438200,1
1381438860,1
1381438920,1
1381439280,1
1381439820,1
1381439880,2
1381439940,1
1381440480,1
1381441680,1
1381441800,1
1381442160,1
1381442580,1
1381443240,2
1381443960,1
1381444080,1
1381444140,1
1381444200,1
1381444860,1
1381445040,4
1381445520,1
1381445700,1
1381445880,1
1381445940,1
1381446960,2
1381447620,1
1381448220,1
1381448580,1
1381449300,1
1381449900,1
1381450680,1
1381451340,1
1381455120,2
1381457040,1
1381484400,1
1381484460,1
1381484580,1
1381485300,1
1381485720,1
1381486980,1
1381487820,1
1381488360,1
1381491420,1
1381492560,1
1381494060,1
1381494240,1
1381494360,1
1381494600,1
1381494780,1
1381495440,1
1381495560,1
1381495620,3
1381495800,2
1381496040,1
1381496160,1
1381496460,2
1381496700,1
1381497180,1
1381497240,1
1381497900,1
1381499700,1
1381503480,1
1381503540,1
1381504860,1
1381506000,1
1381507440,1
1381507740,1
1381508100,1
1381508940,2
1381509540,1
1381510080,1
1381511760,1
1381512420,2
1381512960,1
1381513020,1
1381514640,1
1381515060,1
1381515660,1
1381516260,1
1381516800,1
1381517880,2
1381518420,1
1381520340,1
1381521120,1
1381521360,1
1381521420,2
1381521720,1
1381526160,1
1381526940,1
1381527660,1
1381527900,1
1381527960,1
1381528440,1
1381528740,1
1381529040,1
1381529340,2
1381529520,1
1381529940,1
1381530300,1
1381530420,1
1381530480,1
1381530540,1
1381530660,1
1381531200,2
1381531560,1
1381531860,1
1381531920,1
1381532880,1
1381532940,1
1381533120,1
1381534740,1
1381535280,1
1381536780,1
1381537860,1
1381538280,1
1381538340,1
1381538460,1
1381539180,1
1381539780,1
1381540260,1
1381547520,1
1381574640,1
1381576620,1
1381576680,1
1381578660,1
1381580940,1
1381581180,1
1381582500,1
1381583160,2
1381585260,2
1381585500,1
1381586160,2
1381586400,1
1381586520,1
1381586760,1
1381587180,1
1381587960,2
1381588620,2
1381589100,1
1381589460,1
1381589700,2
1381589820,1
1381590840,1
1381591380,1
1381592160,1
1381592280,1
1381593300,1
1381594260,1
1381595160,2
1381595220,2
1381595640,1
1381595940,1
1381596300,1
1381596360,1
1381597620,2
1381598280,2
1381598820,1
1381599300,2
1381599360,2
1381599480,2
1381600140,2
1381601580,1
1381603920,1
1381604220,1
1381604460,1
1381605060,2
1381605120,1
1381605720,2
1381605840,1
1381606140,1
1381606200,1
1381606380,2
1381607340,1
1381607580,2
1381607820,1
1381608000,1
1381608600,2
1381608960,1
1381609380,1
1381609500,1
1381609740,1
1381609920,1
1381610040,1
1381610100,1
1381610220,1
1381610340,1
1381610460,1
1381610700,1
1381611360,1
1381611600,1
1381612620,1
1381612800,1
1381612860,1
1381613220,2
1381614120,1
1381614420,1
1381614720,1
1381615020,1
1381615740,1
1381615980,1
1381616040,2
1381616160,2
1381616340,2
1381617180,3
1381617720,1
1381617780,4
1381619160,1
1381620300,1
1381623480,1
1381624620,1
1381629480,1
1381632720,1
1381663860,1
1381663980,1
1381665120,1
1381665780,1
1381666140,1
1381666260,1
1381667340,2
1381667760,1
1381667880,1
1381668360,1
1381668720,1
1381671240,1
1381672380,1
1381672500,2
1381673340,1
1381674240,1
1381674480,1
1381675260,1
1381675920,1
1381676400,2
1381676880,3
1381677000,1
1381677180,1
1381677480,1
1381677660,1
1381678020,1
1381679700,1
1381681320,1
1381683180,1
1381683600,1
1381683780,2
1381684020,1
1381684080,1
1381684320,2
1381684500,1
1381685580,1
1381685820,1
1381686240,1
1381686540,1
1381687620,1
1381687980,1
1381688040,1
1381688820,1
1381689240,2
1381689540,2
1381690080,1
1381690380,2
1381690620,2
1381691520,1
1381691700,1
1381692000,2
1381692060,1
1381692180,1
1381692360,1
1381693140,2
1381694640,1
1381694820,1
1381695000,1
1381695360,1
1381696680,1
1381696800,1
1381697520,1
1381697760,1
1381698060,1
1381698180,1
1381698300,2
1381698480,2
1381698900,1
1381699260,1
1381699740,1
1381700220,1
1381700460,1
1381701240,1
1381701360,1
1381702320,1
1381702920,1
1381703760,1
1381704000,2
1381705140,1
1381706820,1
1381707240,1
1381707840,1
1381708380,1
1381708920,2
1381709280,1
1381709580,1
1381709940,1
1381710360,1
1381711440,2
1381711920,1
1381714320,1
1381714920,1
1381743240,1
1381743840,1
1381746660,1
1381746780,1
1381747020,1
1381747260,1
1381747920,1
1381748280,1
1381749660,1
1381749840,1
1381750020,1
1381751880,2
1381752360,1
1381753080,1
1381753620,1
1381753740,1
1381753860,1
1381754400,1
1381754580,1
1381754640,1
1381754880,1
1381755060,1
1381755180,3
1381755540,1
1381755660,1
1381756020,1
1381756320,1
1381757460,1
1381758540,1
1381759260,1
1381759500,1
1381759620,1
1381760520,1
1381761420,1
1381761780,1
1381762860,1
1381764660,1
1381765080,2
1381765200,1
1381765740,1
1381767000,1
1381767840,1
1381767960,1
1381768440,1
1381768860,1
1381769400,2
1381769580,1
1381770240,1
1381771320,1
1381772040,2
1381772520,1
1381772700,1
1381773360,1
1381777560,1
1381777680,1
1381777860,1
1381777980,4
1381780200,1
1381780620,4
1381780680,1
1381781160,1
1381781280,1
1381781760,1
1381782600,1
1381782720,1
1381783440,1
1381783500,1
1381783560,1
1381783920,1
1381784760,1
1381784880,1
1381785120,2
1381785180,1
1381785600,1
1381785960,2
1381786020,1
1381786380,1
1381786620,1
1381786800,2
1381787220,1
1381787280,1
1381787460,1
1381787520,1
1381788600,1
1381788720,1
1381788900,1
1381789320,2
1381789920,1
1381790340,1
1381790400,1
1381790700,1
1381790880,1
1381791000,1
1381791360,1
1381791600,1
1381791840,1
1381792200,1
1381792440,3
1381792560,1
1381792620,1
1381793340,1
1381794300,1
1381794420,1
1381795200,1
1381795500,1
1381795680,1
1381796820,1
1381797480,1
1381801260,1
1381804680,1
1381805160,1
1381806120,1
1381815000,1
1381829700,1
1381830000,1
1381831500,1
1381831860,1
1381832400,2
1381832460,2
1381834260,1
1381834440,1
1381835220,1
1381835400,1
1381836780,1
1381837140,1
1381837980,1
1381838160,1
1381839420,1
1381839540,1
1381840500,1
1381840980,1
1381841760,1
1381842000,1
1381843440,1
1381843920,1
1381844280,1
1381844340,1
1381844520,1
1381845180,1
1381845660,1
1381847640,1
1381849620,1
1381850700,1
1381853820,1
1381854000,1
1381854420,1
1381855020,4
1381855080,1
1381855440,1
1381855620,1
1381857120,1
1381857420,1
1381858140,1
1381858260,1
1381858380,1
1381858560,1
1381859100,1
1381860360,1
1381865100,1
1381865880,2
1381866480,1
1381867200,2
1381867320,1
1381867500,1
1381868220,2
1381868460,1
1381868580,1
1381868880,1
1381869660,1
1381870260,1
1381871220,1
1381871280,1
1381872060,1
1381872840,1
1381873200,2
1381873680,1
1381873980,2
1381874100,2
1381874580,1
1381874940,1
1381875480,4
1381875720,1
1381876260,1
1381876680,2
1381876860,1
1381877100,1
1381877220,1
1381877280,2
1381877340,1
1381877580,2
1381878000,1
1381878120,2
1381878420,1
1381878660,2
1381879500,1
1381879980,1
1381880340,2
1381880460,1
1381880700,1
1381881600,1
1381881840,1
1381883340,1
1381883400,1
1381883880,1
1381885980,1
1381886940,1
1381888080,1
1381888440,1
1381888980,1
1381891920,1
1381916400,1
1381917540,1
1381918260,1
1381918860,1
1381918980,2
1381919580,2
1381921800,1
1381924140,2
1381924500,1
1381924560,1
1381924980,1
1381925520,1
1381925700,1
1381925820,1
1381927080,1
1381927260,1
1381927620,1
1381927920,1
1381930320,1
1381930740,1
1381930860,1
1381931400,1
1381931580,1
1381931760,1
1381933020,1
1381934220,1
1381935120,1
1381935780,2
1381936380,1
1381937340,1
1381937400,1
1381937700,1
1381937820,2
1381938000,1
1381938960,1
1381939140,1
1381940760,1
1381940940,1
1381941180,1
1381942980,1
1381943340,3
1381943460,1
1381944360,1
1381944480,1
1381944960,1
1381945800,1
1381948560,2
1381948920,2
1381949100,1
1381949640,1
1381951320,1
1381951440,1
1381952400,1
1381953300,1
1381953600,1
1381953840,1
1381954320,1
1381955280,2
1381955520,1
1381955640,2
1381955760,2
1381956120,1
1381956840,1
1381957080,2
1381957200,1
1381957560,1
1381958280,1
1381958880,1
1381958940,1
1381959540,1
1381960020,2
1381960080,1
1381960140,1
1381963200,2
1381963560,1
1381963860,1
1381963980,1
1381964160,1
1381964280,2
1381964460,1
1381965120,1
1381965480,1
1381967160,1
1381967220,1
1381968240,1
1381968840,1
1381969380,1
1381969500,1
1381970160,3
1381970340,1
1381971240,1
1381971720,1
1381972680,1
1381974300,1
1381974900,2
1381984260,2
1381984980,1
1382002800,1
1382002980,1
1382003520,1
1382003760,1
1382004780,1
1382005860,1
1382007000,1
1382007420,1
1382008080,2
1382008500,1
1382010240,1
1382010300,1
1382010840,2
1382011020,1
1382012280,1
1382014140,1
1382014320,1
1382014440,2
1382014620,1
1382015040,1
1382015340,2
1382015580,1
1382016180,2
1382016540,1
1382016660,1
1382017260,1
1382017380,1
1382017680,1
1382019900,1
1382020620,1
1382021100,1
1382021340,1
1382022360,1
1382022900,1
1382023500,1
1382024280,1
1382024460,1
1382025360,1
1382026440,1
1382026860,2
1382026980,1
1382028000,1
1382030100,1
1382030880,1
1382031420,1
1382032080,1
1382032560,1
1382032740,1
1382033520,1
1382033640,1
1382033940,1
1382034120,1
1382034960,1
1382035200,2
1382036340,1
1382037240,2
1382037900,1
1382038260,2
1382038500,2
1382038680,1
1382038920,1
1382040360,1
1382040420,3
1382041620,1
1382041980,1
1382042100,1
1382042280,1
1382042820,1
1382042940,1
1382043480,2
1382044380,1
1382045100,1
1382045400,1
1382046120,3
1382047020,4
1382047080,1
1382047380,1
1382048100,1
1382048220,2
1382048580,1
1382048700,1
1382049180,1
1382049300,1
1382049480,1
1382049600,1
1382050260,1
1382050380,2
1382050500,1
1382050620,1
1382050740,1
1382050920,1
1382051160,1
1382051340,1
1382051520,1
1382051580,1
1382052360,1
1382053080,3
1382053140,2
1382053260,1
1382054700,2
1382056500,1
1382056680,1
1382057040,1
1382057520,1
1382058540,1
1382060460,1
1382062980,1
1382065260,1
1382067660,1
1382077080,1
1382089200,1
1382090340,1
1382090400,1
1382091000,1
1382091600,1
1382092200,1
1382092320,1
1382093160,1
1382094420,1
1382095020,1
1382095260,1
1382095560,1
1382096280,1
1382096820,1
1382097360,1
1382097780,1
1382097960,1
1382098200,1
1382099280,1
1382099880,1
1382100000,1
1382100060,1
1382100180,4
1382100540,1
1382100600,1
1382100780,1
1382100900,1
1382101200,1
1382101440,1
1382102040,1
1382102340,2
1382102580,2
1382102760,1
1382103900,1
1382103960,2
1382104260,1
1382105820,1
1382105940,1
1382107020,1
1382107380,1
1382108400,1
1382108760,1
1382109720,1
1382110260,1
1382110620,1
1382110980,1
1382113320,1
1382114220,1
1382114640,1
1382114820,1
1382116320,1
1382116500,1
1382116980,2
1382117280,1
1382117460,1
1382117520,2
1382118180,1
1382118780,1
1382119320,1
1382119620,1
1382119860,2
1382120460,1
1382121120,1
1382121300,2
1382121360,1
1382122020,1
1382122560,1
1382122860,1
1382122980,1
1382123220,1
1382123940,1
1382124360,1
1382124720,2
1382125020,1
1382125980,2
1382126700,2
1382126820,1
1382127060,1
1382127480,1
1382128500,1
1382129460,2
1382130180,1
1382130780,1
1382131140,1
1382131320,1
1382131560,2
1382131680,1
1382131740,1
1382131980,1
1382132160,1
1382132280,1
1382132520,1
1382132940,1
1382133060,3
1382133480,1
1382134380,1
1382134680,1
1382135580,1
1382135640,1
1382136180,2
1382136660,1
1382137560,1
1382137740,1
1382138100,1
1382138220,1
1382138940,1
1382139000,1
1382139780,1
1382140140,1
1382140620,2
1382141280,2
1382142720,2
1382142780,1
1382144040,1
1382145300,1
1382145360,1
1382145480,1
1382146620,1
1382146740,1
1382147520,1
1382147640,1
1382149620,1
1382178540,1
1382181840,1
1382182680,1
1382183100,1
1382183280,1
1382185320,1
1382186940,1
1382187660,1
1382190720,12
1382190960,1
1382191080,1
1382192280,1
1382193300,1
1382193420,2
1382194140,2
1382194740,1
1382195580,1
1382196780,2
1382197020,1
1382197680,1
1382198880,1
1382199120,1
1382199360,2
1382200620,1
1382201100,2
1382201340,1
1382201460,1
1382201700,2
1382201880,1
1382202060,1
1382202420,1
1382202840,1
1382203980,1
1382204220,1
1382204700,1
1382204760,1
1382204880,1
1382205600,2
1382205720,1
1382205780,1
1382206200,2
1382206620,1
1382206680,1
1382206980,1
1382207640,1
1382207820,1
1382208060,1
1382208240,2
1382208300,4
1382208480,4
1382208600,1
1382208900,1
1382209380,1
1382209680,1
1382209860,1
1382210700,1
1382211720,2
1382211960,1
1382212140,1
1382212500,1
1382212620,1
1382212740,1
1382212980,1
1382213100,1
1382213280,1
1382213580,1
1382213880,1
1382214120,2
1382214720,1
1382214840,3
1382215800,4
1382215980,2
1382216160,3
1382216280,2
1382217120,1
1382217480,1
1382217960,1
1382218920,1
1382219520,1
1382221680,2
1382222280,1
1382223060,1
1382227440,1
1382228160,1
1382228880,1
1382238120,1
1382268000,1
1382270100,1
1382270760,2
1382270820,1
1382272380,1
1382273220,1
1382273460,1
1382275980,1
1382276160,1
1382276280,1
1382276760,2
1382277420,1
1382278020,1
1382278800,1
1382279340,1
1382279400,1
1382279520,1
1382279580,1
1382280540,1
1382280660,2
1382281320,3
1382281500,1
1382283900,1
1382284200,1
1382284440,1
1382286960,2
1382287380,1
1382287680,1
1382287800,1
1382287920,1
1382288580,2
1382290800,1
1382291460,1
1382292060,1
1382292300,1
1382293260,1
1382293500,1
1382295000,1
1382295360,1
1382295840,1
1382296080,1
1382297160,1
1382299200,1
1382299320,1
1382299440,1
1382300220,1
1382302020,1
1382302080,1
1382302440,1
1382302800,1
1382303700,1
1382304000,2
1382304240,1
1382304960,1
1382305680,1
1382305740,1
1382307180,1
1382307480,2
1382307720,1
1382307780,2
1382309880,1
1382310960,1
1382311500,1
1382315820,1
1382316060,1
1382316180,1
1382316480,1
1382317020,1
1382319660,1
1382320020,1
1382329620,1
1382348940,1
1382350860,1
1382351520,1
1382353080,1
1382353200,1
1382354880,1
1382355900,1
1382356740,1
1382357040,1
1382357160,2
1382357940,1
1382358120,2
1382358240,1
1382358420,1
1382358720,1
1382359800,1
1382359920,1
1382360100,1
1382363820,1
1382364480,1
1382365440,1
1382366040,1
1382366280,1
1382366460,1
1382367420,1
1382368200,3
1382368560,1
1382369760,1
1382371020,1
1382372280,1
1382373360,1
1382374320,1
1382374680,1
1382375220,1
1382375940,1
1382376540,1
1382376840,2
1382376900,1
1382377980,1
1382379060,1
1382379300,1
1382379420,1
1382379720,1
1382382120,1
1382382360,1
1382382900,1
1382383320,1
1382383800,1
1382384160,1
1382385060,1
1382386320,1
1382387640,1
1382388120,1
1382388180,1
1382388780,1
1382389680,1
1382390700,1
1382390820,1
1382391180,1
1382391660,1
1382391780,1
1382392320,1
1382392740,1
1382392800,1
1382393580,1
1382394060,1
1382394240,1
1382394360,1
1382394480,1
1382394660,1
1382395380,2
1382395560,1
1382395980,1
1382396040,1
1382396280,1
1382396400,1
1382396520,2
1382396640,1
1382397180,1
1382397360,1
1382398080,1
1382398260,1
1382398800,1
1382401260,2
1382404260,1
1382404860,1
1382405340,1
1382405880,1
1382406480,1
1382407140,1
1382408280,1
1382411700,1
1382434800,1
1382435040,1
1382439420,3
1382439780,1
1382440440,1
1382441880,1
1382442060,1
1382442720,3
1382442840,3
1382443020,1
1382443080,2
1382443560,1
1382443740,1
1382443980,1
1382444040,1
1382444220,1
1382444340,1
1382445000,1
1382445960,1
1382446620,2
1382446740,1
1382446800,1
1382446980,1
1382447100,1
1382447160,1
1382447400,1
1382447580,1
1382447760,1
1382448240,2
1382449140,1
1382449380,1
1382450160,1
1382450700,1
1382451600,1
1382452440,1
1382452860,1
1382452980,1
1382455800,1
1382457420,1
1382457960,1
1382458200,1
1382459280,1
1382459400,1
1382459460,1
1382460180,1
1382460660,1
1382461200,1
1382461440,1
1382461740,1
1382461980,2
1382462220,1
1382463720,1
1382463780,1
1382464500,1
1382465100,1
1382466120,1
1382466900,1
1382467980,1
1382469660,1
1382469780,1
1382471520,1
1382474220,1
1382474820,1
1382475060,1
1382475840,1
1382476080,1
1382476260,1
1382476320,1
1382476560,1
1382476980,1
1382477520,1
1382477820,1
1382478240,1
1382478540,1
1382478900,2
1382479200,1
1382479320,1
1382479620,1
1382480100,1
1382481960,1
1382482620,1
1382483280,1
1382483520,4
1382484060,1
1382484300,1
1382485020,2
1382485320,1
1382485680,1
1382485800,1
1382486280,2
1382487000,1
1382487420,1
1382487600,1
1382488380,1
1382488560,1
1382488740,1
1382488980,1
1382489580,1
1382492040,1
1382492940,2
1382493600,1
1382496660,1
1382497140,1
1382502240,1
1382511720,2
1382512020,1
1382521200,1
1382522280,1
1382523420,2
1382524200,1
1382524740,1
1382526240,1
1382526420,1
1382526600,1
1382526660,1
1382526780,1
1382527140,2
1382528400,1
1382528460,1
1382528880,1
1382529240,1
1382529360,2
1382532480,1
1382533020,3
1382533260,2
1382533800,1
1382534400,1
1382534760,1
1382534880,3
1382535660,1
1382536080,1
1382538360,1
1382538480,1
1382538540,1
1382542380,1
1382542920,1
1382543940,1
1382545500,1
1382546940,1
1382548500,1
1382548740,1
1382549280,1
1382549520,1
1382550420,1
1382551140,2
1382553300,1
1382553960,2
1382554260,1
1382554980,1
1382555400,1
1382556420,1
1382557500,1
1382558640,1
1382559600,1
1382560320,1
1382562600,1
1382562900,3
1382563980,2
1382564160,1
1382564520,1
1382564640,1
1382564820,2
1382565540,1
1382565960,1
1382566320,1
1382566620,5
1382566800,2
1382566920,2
1382567280,3
1382567760,1
1382568180,2
1382568240,1
1382568420,1
1382568540,1
1382569260,1
1382570160,1
1382571600,1
1382571960,1
1382572740,2
1382572980,1
1382574060,1
1382574360,1
1382575200,1
1382575500,1
1382575620,1
1382577240,1
1382578200,1
1382578800,1
1382578860,1
1382579700,1
1382585760,1
1382607600,1
1382610420,1
1382612400,1
1382612520,1
1382613000,1
1382613960,1
1382614260,1
1382616060,1
1382616120,1
1382616540,1
1382616840,1
1382617260,1
1382617680,1
1382618280,1
1382618640,1
1382619000,1
1382619180,1
1382619300,1
1382619900,2
1382619960,2
1382620440,1
1382620740,2
1382620920,3
1382621280,1
1382621340,1
1382621400,1
1382621580,1
1382622780,1
1382625840,1
1382626140,1
1382626560,1
1382627640,1
1382629860,1
1382630040,1
1382632560,1
1382632620,2
1382634180,1
1382637060,1
1382637660,1
1382637900,1
1382638620,1
1382639520,1
1382639820,1
1382639880,1
1382640000,1
1382640240,1
1382640720,1
1382642220,1
1382642760,1
1382642880,1
1382643180,1
1382643420,1
1382643660,1
1382643720,1
1382644020,1
1382644260,1
1382644380,1
1382644440,1
1382644860,1
1382645400,1
1382645760,1
1382647620,2
1382648700,1
1382649000,1
1382649180,1
1382649540,1
1382649900,1
1382650680,1
1382651880,1
1382652060,1
1382652120,1
1382652480,1
1382653380,1
1382653740,1
1382653980,3
1382654160,1
1382654520,3
1382654580,1
1382655600,1
1382655660,1
1382655960,1
1382656980,2
1382657160,1
1382657520,2
1382657580,1
1382657760,1
1382657880,1
1382657940,1
1382658420,1
1382658600,1
1382658840,1
1382659020,1
1382660400,1
1382661120,2
1382661300,1
1382662380,1
1382664360,1
1382664780,1
1382667660,1
1382668020,1
1382671920,1
1382693640,1
1382694000,1
1382695860,1
1382696340,1
1382697420,1
1382698020,1
1382698560,1
1382699700,1
1382701920,1
1382702400,1
1382702640,1
1382703960,1
1382704140,1
1382704200,1
1382704440,1
1382705820,1
1382705880,1
1382705940,2
1382706000,1
1382706360,1
1382706900,1
1382708700,1
1382710140,1
1382710740,1
1382711520,1
1382712360,1
1382712660,2
1382713560,1
1382716080,1
1382717160,1
1382718360,1
1382718720,1
1382719140,1
1382719320,1
1382719440,1
1382719740,1
1382720760,1
1382721060,1
1382721540,1
1382722680,1
1382722860,1
1382723700,1
1382723760,1
1382724720,1
1382725920,1
1382726160,1
1382726340,1
1382726880,2
1382727540,1
1382727960,1
1382728080,1
1382728500,1
1382728620,1
1382729580,1
1382730300,1
1382731080,2
1382731380,1
1382731740,1
1382733480,1
1382733540,2
1382733660,2
1382734440,2
1382735220,1
1382735940,1
1382736960,1
1382737680,1
1382737920,1
1382738160,1
1382738640,2
1382739120,3
1382739240,1
1382739540,1
1382739780,1
1382739900,1
1382740140,1
1382741460,1
1382741940,1
1382742180,1
1382743860,1
1382744760,1
1382747100,1
1382749140,1
1382749260,1
1382749560,1
1382752680,1
1382753340,1
1382755860,1
1382783760,1
1382785980,1
1382788140,1
1382788920,1
1382789100,1
1382789640,1
1382790540,1
1382791860,1
1382792280,1
1382793360,1
1382794080,1
1382794200,1
1382794320,1
1382795820,1
1382796060,1
1382796360,1
1382796540,1
1382796600,1
1382796840,2
1382797560,1
1382798520,1
1382798580,2
1382799480,2
1382801280,1
1382801460,2
1382801640,1
1382802780,1
1382803560,1
1382804100,1
1382804280,1
1382804520,1
1382806860,1
1382807760,1
1382808300,1
1382808660,1
1382809680,1
1382809920,1
1382810100,1
1382810220,1
1382810520,1
1382811300,1
1382811540,1
1382811780,1
1382812020,1
1382812140,1
1382812920,1
1382815500,1
1382815800,1
1382816040,1
1382816340,1
1382816700,1
1382817060,1
1382817300,1
1382817960,1
1382818980,1
1382819100,1
1382820480,1
1382820600,2
1382820660,1
1382822340,2
1382824200,1
1382824800,1
1382825400,1
1382827020,1
1382829000,1
1382829180,1
1382831100,1
1382831340,1
1382831640,1
1382832000,1
1382837580,1
1382838120,1
1382841900,1
1382870160,1
1382872740,1
1382875200,1
1382877720,1
1382877900,1
1382878860,1
1382880900,1
1382882100,1
1382883000,1
1382883060,1
1382883300,1
1382884200,1
1382884620,1
1382885760,1
1382886060,1
1382886600,2
1382886900,2
1382887380,2
1382889660,1
1382890260,1
1382890440,1
1382890560,2
1382890920,1
1382891520,3
1382892480,1
1382892600,1
1382893380,1
1382893740,1
1382894160,1
1382894820,1
1382895300,1
1382895900,1
1382897460,1
1382897640,1
1382898180,2
1382898540,1
1382899200,1
1382900040,1
1382900220,1
1382900460,2
1382902680,1
1382902860,1
1382903040,1
1382903280,2
1382904180,1
1382904900,1
1382906520,1
1382907060,1
1382907420,1
1382907660,1
1382908860,1
1382909340,1
1382909460,1
1382909880,2
1382910420,1
1382910900,1
1382911080,1
1382912280,1
1382912760,1
1382912880,1
1382913180,1
1382913300,1
1382914560,1
1382916900,1
1382917500,1
1382917860,1
1382918340,1
1382923680,1
1382928000,1
1382935140,1
1382953080,1
1382953200,1
1382956740,1
1382957580,1
1382958420,1
1382958960,1
1382960100,2
1382961000,1
1382961480,1
1382961780,2
1382962200,1
1382963100,1
1382964060,1
1382964480,1
1382964720,2
1382965080,1
1382965500,1
1382965980,1
1382966160,1
1382966220,1
1382966460,1
1382966820,1
1382967720,1
1382968020,1
1382968380,1
1382968680,1
1382970420,1
1382974140,1
1382974260,1
1382975760,1
1382975880,1
1382976060,1
1382978040,1
1382978340,1
1382979480,2
1382979720,1
1382980020,1
1382980140,1
1382980200,1
1382983560,1
1382984040,1
1382987520,1
1382988300,1
1382988480,1
1382989440,1
1382990340,2
1382991420,1
1382991660,1
1382992320,1
1382993040,1
1382993100,1
1382994780,1
1382995440,1
1382995920,1
1382996100,1
1382996220,2
1382996520,2
1382996700,1
1382997060,2
1382997660,1
1382998980,3
1382999160,1
1382999400,1
1382999640,1
1383000840,2
1383001380,1
1383001860,1
1383002760,1
1383003720,1
1383003960,1
1383004080,1
1383005760,1
1383006780,1
1383006900,1
1383009180,1
1383013020,2
1383013980,1
1383014880,2
1383038700,1
1383039780,1
1383039960,1
1383040200,1
1383040800,1
1383042000,1
1383042480,1
1383042660,1
1383043080,1
1383043860,1
1383044100,1
1383044520,1
1383045240,1
1383047460,1
1383047820,2
1383048000,1
1383048300,1
1383049260,1
1383050040,1
1383050160,1
1383050280,2
1383050340,2
1383050460,1
1383050520,1
1383050580,2
1383052980,1
1383053160,1
1383053700,1
1383054780,1
1383057300,1
1383059880,1
1383060600,1
1383063240,1
1383065460,2
1383065940,3
1383066840,1
1383067620,1
1383073020,1
1383073380,1
1383074640,1
1383074760,1
1383075240,1
1383075540,2
1383076260,1
1383076680,1
1383077160,1
1383077280,2
1383077400,1
1383079020,1
1383079260,1
1383080580,1
1383080700,1
1383081060,1
1383082080,2
1383082320,1
1383082620,1
1383082920,2
1383083760,2
1383084540,1
1383084780,1
1383085320,1
1383085980,1
1383086280,1
1383086940,1
1383087120,1
1383087300,1
1383087540,1
1383088380,2
1383088920,1
1383089640,1
1383089880,1
1383090300,1
1383090660,1
1383090900,1
1383093000,1
1383093060,1
1383095160,1
1383095460,1
1383095820,1
1383096000,1
1383098040,1
1383098100,1
1383100800,1
1383100980,1
1383103500,1
1383105900,1
1383115860,1
1383126060,1
1383128340,1
1383128460,1
1383128880,1
1383129600,2
1383130440,1
1383130620,1
1383130980,1
1383131460,1
1383131580,1
1383132420,1
1383134040,1
1383136740,1
1383136920,1
1383137520,2
1383137580,3
1383137760,2
1383138120,1
1383138240,2
1383138600,2
1383139020,1
1383141420,1
1383145440,1
1383145560,1
1383148020,1
1383152160,1
1383152460,1
1383153780,5
1383154260,1
1383155760,1
1383156120,1
1383156240,1
1383156600,1
1383157020,1
1383157920,1
1383158400,1
1383158640,2
1383159060,1
1383159180,1
1383161400,1
1383161940,1
1383162720,1
1383163020,1
1383163140,1
1383164340,1
1383164580,1
1383164700,1
1383165060,2
1383166200,1
1383166260,1
1383166980,1
1383167280,1
1383168660,1
1383169140,1
1383169680,1
1383169980,1
1383170220,2
1383170280,1
1383170460,1
1383171780,2
1383172020,1
1383172140,1
1383172260,2
1383172440,1
1383172620,1
1383172920,1
1383173100,1
1383174060,1
1383174240,1
1383174900,1
1383175500,1
1383177300,1
1383177900,1
1383179760,1
1383179940,1
1383183180,1
1383183600,1
1383183660,1
1383183840,1
1383184320,1
1383184920,1
1383185820,1
1383186660,1
1383187020,1
1383187260,1
1383215100,1
1383216360,1
1383217260,1
1383218040,1
1383218520,1
1383219120,1
1383219900,1
1383220440,1
1383223800,1
1383224280,2
1383224520,1
1383224640,1
1383225000,1
1383225960,1
1383226380,1
1383226560,1
1383226740,1
1383226800,1
1383227280,1
1383227520,1
1383227940,1
1383228000,1
1383228660,1
1383229500,1
1383229680,1
1383231060,1
1383231720,2
1383232800,1
1383233040,1
1383233580,1
1383233640,1
1383234720,1
1383236940,1
1383238200,1
1383238500,1
1383238560,1
1383241260,1
1383243240,1
1383243960,1
1383244200,1
1383244920,1
1383245160,1
1383247800,2
1383248760,1
1383249180,1
1383249540,1
1383250080,1
1383250200,2
1383250500,1
1383250560,1
1383251040,1
1383251760,1
1383252180,2
1383253560,1
1383254460,1
1383254940,1
1383255240,2
1383255540,1
1383256260,2
1383256500,1
1383256680,1
1383257280,1
1383258780,1
1383259320,1
1383259560,1
1383259680,1
1383260160,1
1383260460,1
1383262320,1
1383263460,1
1383264600,1
1383265380,1
1383265740,1
1383267420,1
1383267780,1
1383268260,1
1383299100,1
1383302760,1
1383303300,1
1383304680,1
1383305040,1
1383306000,2
1383306660,1
1383306840,1
1383306960,2
1383307260,1
1383307320,1
1383310140,2
1383312060,2
1383312720,1
1383314100,1
1383315660,1
1383317340,1
1383319740,1
1383320460,1
1383326220,1
1383326340,1
1383326820,1
1383329400,1
1383330480,1
1383330780,1
1383330960,1
1383331080,1
1383331320,1
1383331440,1
1383331560,1
1383332700,1
1383333960,1
1383334620,1
1383335220,1
1383335340,1
1383336180,1
1383336360,1
1383339060,1
1383339120,1
1383339420,1
1383339780,1
1383340020,1
1383340260,2
1383341280,2
1383341400,1
1383341460,1
1383341640,1
1383341820,1
1383342060,2
1383342960,1
1383343320,1
1383343560,1
1383344220,1
1383344460,3
1383345600,1
1383345660,4
1383346440,1
1383346920,1
1383348780,3
1383349620,3
1383350280,1
1383350820,1
1383351420,1
1383351660,1
1383352500,1
1383352560,2
1383353460,1
1383353880,1
1383357900,1
1383363660,1
1383365460,1
1383394920,1
1383395280,1
1383396300,1
1383398580,2
1383398760,1
1383398820,1
1383399300,2
1383400440,1
1383400620,1
1383400980,1
1383401820,2
1383402180,2
1383402420,1
1383402660,1
1383402960,1
1383403620,1
1383404040,1
1383404400,1
1383404820,1
1383405120,1
1383405600,1
1383405660,1
1383406200,1
1383407940,1
1383408060,1
1383408180,1
1383408900,1
1383409020,3
1383409200,1
1383409260,1
1383409440,1
1383410160,1
1383410280,1
1383410460,1
1383411300,1
1383411660,1
1383411840,1
1383412620,1
1383412860,1
1383414240,1
1383414660,2
1383417240,1
1383418320,2
1383418560,2
1383418860,1
1383419160,4
1383419400,2
1383420600,1
1383421020,1
1383421500,1
1383421860,2
1383422580,1
1383423660,1
1383424500,2
1383424620,1
1383425220,1
1383425640,1
1383425760,2
1383426120,2
1383426360,2
1383428940,2
1383429120,1
1383430380,2
1383430440,2
1383430620,3
1383430860,5
1383431340,1
1383432600,1
1383432840,1
1383435360,1
1383435900,1
1383436920,1
1383438120,1
1383443520,1
1383445620,1
1383448500,1
1383451320,2
1383462360,3
1383481020,1
1383481320,1
1383482820,1
1383483300,1
1383483420,1
1383485460,1
1383485580,1
1383486480,1
1383488580,3
1383488760,3
1383489060,1
1383489300,1
1383490560,1
1383490620,1
1383491100,1
1383491400,2
1383491700,1
1383491820,1
1383493860,1
1383496860,1
1383497100,1
1383497160,1
1383497460,1
1383498480,1
1383499980,1
1383500520,1
1383502140,1
1383503880,1
1383504660,1
1383504840,1
1383505980,1
1383507960,2
1383508320,1
1383508860,1
1383510000,2
1383512040,1
1383513000,1
1383513960,1
1383514080,1
1383514140,1
1383514440,1
1383514560,1
1383516780,1
1383517200,1
1383517320,1
1383517380,1
1383517500,1
1383518040,1
1383519360,1
1383519720,1
1383521040,1
1383521400,1
1383523260,2
1383523320,1
1383523500,1
1383524040,1
1383526680,1
1383530640,1
1383531180,1
1383532860,1
1383533160,1
1383561660,1
1383562260,1
1383562980,1
1383563280,1
1383563640,1
1383564060,1
1383565200,1
1383565920,2
1383566220,1
1383566640,1
1383568140,1
1383568860,1
1383569160,1
1383569460,1
1383569520,1
1383569700,1
1383570780,1
1383571500,1
1383571680,1
1383571740,1
1383572460,1
1383572880,1
1383574380,1
1383576600,1
1383576660,2
1383577620,2
1383579720,1
1383579960,1
1383581100,1
1383581340,1
1383582240,1
1383585660,1
1383588060,1
1383588780,1
1383588840,2
1383589440,1
1383589680,1
1383590100,1
1383590940,1
1383591660,1
1383592080,1
1383592500,1
1383592680,1
1383593100,1
1383593820,1
1383594420,1
1383597540,1
1383597720,2
1383598140,1
1383598800,1
1383600000,1
1383601380,1
1383603000,1
1383603360,1
1383604860,1
1383605280,1
1383606300,1
1383606660,2
1383607860,1
1383607980,1
1383608160,1
1383608280,1
1383608700,1
1383609420,2
1383609480,1
1383609660,1
1383609780,1
1383609900,1
1383609960,1
1383610140,1
1383612000,1
1383612720,1
1383613200,1
1383614340,1
1383615060,1
1383615300,1
1383616200,1
1383616560,1
1383617040,1
1383619680,1
1383620220,1
1383620460,1
1383647880,1
1383648180,1
1383649980,1
1383652560,2
1383652860,1
1383653280,1
1383653400,1
1383653820,1
1383653880,1
1383655680,1
1383655800,1
1383656040,1
1383656400,1
1383657240,1
1383657300,1
1383657900,1
1383657960,1
1383658200,1
1383658920,1
1383659100,1
1383659220,1
1383659820,1
1383660480,1
1383660720,1
1383661200,1
1383661620,1
1383663780,1
1383665760,1
1383669900,1
1383670920,2
1383671160,1
1383671460,1
1383674760,1
1383675060,1
1383676260,1
1383676320,1
1383676560,1
1383678120,1
1383678540,1
1383678840,2
1383681000,1
1383681900,1
1383683460,1
1383684600,1
1383685020,1
1383685200,1
1383685500,1
1383688200,1
1383689040,1
1383689520,2
1383690060,2
1383690360,2
1383691440,1
1383691980,1
1383692340,1
1383694020,1
1383694440,1
1383695040,1
1383695160,2
1383695760,2
1383696180,2
1383696360,3
1383696900,2
1383697560,1
1383698160,1
1383698460,1
1383698580,1
1383698700,1
1383699180,1
1383699480,1
1383699900,1
1383702060,1
1383702360,1
1383702780,1
1383702960,1
1383704400,2
1383705000,3
1383708000,1
1383708960,1
1383709140,1
1383709380,1
1383710280,1
1383720240,1
1383724740,2
1383724800,1
1383726300,1
1383731100,1
1383733560,1
1383734460,1
1383737040,1
1383737340,1
1383738180,1
1383739080,1
1383739620,2
1383739800,1
1383739860,1
1383741180,1
1383742320,1
1383742860,1
1383742980,1
1383743460,1
1383743820,1
1383744240,1
1383744600,1
1383744720,1
1383745860,2
1383745980,1
1383747000,1
1383747300,1
1383749040,1
1383750840,1
1383751680,2
1383752940,1
1383757800,1
1383758400,1
1383758820,1
1383759120,1
1383759480,1
1383761100,1
1383763140,1
1383763200,2
1383764160,1
1383764340,1
1383764640,1
1383765300,1
1383765660,2
1383765900,1
1383769140,1
1383769620,1
1383770520,1
1383771360,1
1383771480,1
1383771600,1
1383774360,1
1383774480,2
1383774660,1
1383774900,1
1383775440,1
1383776100,1
1383776340,1
1383776520,1
1383776580,1
1383776760,2
1383777540,1
1383777600,1
1383777660,1
1383777900,1
1383778140,1
1383778620,1
1383778680,1
1383778800,1
1383780000,1
1383780240,1
1383780360,1
1383780960,1
1383781200,1
1383781740,1
1383781800,2
1383781920,1
1383782100,1
1383782580,1
1383782760,3
1383783240,1
1383783840,1
1383785340,1
1383785460,2
1383785640,1
1383787260,1
1383787920,1
1383788700,1
1383788760,1
1383789180,1
1383790320,1
1383792960,1
1383819960,1
1383820500,1
1383820680,1
1383820800,3
1383823680,1
1383824760,1
1383826860,1
1383827220,1
1383828060,1
1383828240,1
1383828600,1
1383828720,1
1383829080,2
1383829440,1
1383829860,1
1383830100,1
1383830760,1
1383831540,1
1383831660,1
1383831720,1
1383831780,1
1383831960,1
1383832980,1
1383833280,1
1383834240,1
1383835200,1
1383835560,1
1383835920,1
1383837240,1
1383837300,1
1383840600,1
1383842400,1
1383844200,1
1383845400,1
1383846900,1
1383847140,1
1383848400,1
1383850020,1
1383850140,1
1383852600,1
1383855180,1
1383861960,1
1383862020,1
1383862140,1
1383862980,1
1383863760,1
1383864000,1
1383864360,1
1383864480,2
1383864720,1
1383864900,4
1383865020,4
1383865140,1
1383867060,2
1383868200,1
1383869160,1
1383869520,1
1383870660,1
1383870720,1
1383870780,1
1383871500,1
1383872400,1
1383872460,1
1383872580,1
1383873000,1
1383873540,1
1383874800,2
1383875400,1
1383875460,1
1383876540,1
1383876660,1
1383877980,1
1383904920,1
1383906660,1
1383907260,1
1383907680,1
1383909000,1
1383911580,1
1383913620,1
1383914220,1
1383914640,1
1383915060,1
1383915540,1
1383915960,2
1383917760,1
1383917940,1
1383918360,1
1383918900,1
1383919080,1
1383919140,1
1383919560,1
1383919860,1
1383920040,2
1383921300,1
1383921360,1
1383922920,1
1383928980,1
1383930300,1
1383932580,1
1383933420,2
1383936480,1
1383936660,1
1383936840,2
1383937140,1
1383937560,1
1383937740,2
1383937860,1
1383938220,1
1383938580,1
1383938760,1
1383938940,2
1383939540,1
1383940020,1
1383940380,1
1383940500,1
1383941400,1
1383942000,1
1383942840,1
1383943140,2
1383943200,1
1383943740,1
1383944040,1
1383945360,1
1383946620,1
1383946920,1
1383947280,1
1383947400,1
1383947580,1
1383948000,1
1383949680,1
1383951660,1
1383952080,1
1383952500,1
1383953700,1
1383953880,1
1383954660,4
1383955500,1
1383955620,1
1383955980,1
1383956100,1
1383956280,1
1383956880,1
1383957240,1
1383957420,2
1383957720,1
1383957900,1
1383958020,2
1383958440,1
1383958920,1
1383960000,1
1383964800,1
1383999540,1
1384000620,1
1384001760,1
1384002000,1
1384002660,1
1384004100,1
1384004940,1
1384005000,1
1384005120,1
1384006380,1
1384006680,1
1384008780,1
1384008900,1
1384009080,1
1384009560,1
1384010160,1
1384010280,1
1384010700,1
1384011720,1
1384011780,1
1384012020,1
1384012500,1
1384012800,3
1384013100,2
1384013820,1
1384015260,1
1384015920,1
1384016460,1
1384017180,1
1384019880,1
1384020060,3
1384020180,1
1384020240,1
1384020360,1
1384021740,1
1384021800,1
1384022280,1
1384022520,1
1384023540,1
1384024260,1
1384024560,2
1384025160,1
1384025400,1
1384025760,1
1384025940,1
1384027080,1
1384027500,1
1384027800,1
1384028100,1
1384028160,2
1384028400,1
1384028580,2
1384029240,2
1384029540,1
1384029960,1
1384030200,1
1384030320,1
1384030920,1
1384031160,1
1384031220,1
1384032240,1
1384032300,1
1384032660,1
1384032780,1
1384032840,1
1384033620,1
1384033800,2
1384034100,1
1384034460,1
1384034760,1
1384035300,2
1384035900,2
1384037640,1
1384037940,1
1384038600,1
1384043640,1
1384044180,1
1384050240,1
1384050600,1
1384054740,1
1384054800,1
1384059060,1
1384088760,2
1384090740,2
1384091700,1
1384091940,1
1384093500,1
1384094220,1
1384094520,1
1384095300,2
1384095540,1
1384097160,1
1384097280,1
1384098120,1
1384098240,1
1384098300,1
1384098600,1
1384098720,1
1384098780,1
1384099080,1
1384100580,1
1384102740,1
1384103040,2
1384103880,1
1384103940,2
1384104480,1
1384105380,1
1384105680,1
1384105860,1
1384105920,1
1384107240,1
1384110000,2
1384114260,1
1384115760,1
1384116240,1
1384116300,1
1384116420,1
1384116900,2
1384117260,1
1384118100,1
1384118580,1
1384119180,1
1384120560,1
1384120740,1
1384122000,1
1384123980,1
1384124100,1
1384124160,1
1384124760,1
1384125120,1
1384126920,1
1384130100,1
1384131660,1
1384132560,1
1384134780,1
1384135620,1
1384135920,1
1384137480,1
1384166580,1
1384170060,1
1384170240,1
1384170540,2
1384170720,1
1384170840,1
1384171980,1
1384172880,1
1384174140,1
1384175400,1
1384176060,1
1384176240,1
1384177380,2
1384177560,2
1384177680,1
1384177800,1
1384177860,1
1384178220,1
1384178940,1
1384179480,1
1384181160,1
1384181760,1
1384182060,1
1384183860,1
1384183980,1
1384185600,1
1384185900,1
1384186860,1
1384188360,1
1384190640,1
1384191840,1
1384192140,2
1384192980,1
1384195020,1
1384196040,1
1384197780,1
1384198260,2
1384198440,1
1384199700,1
1384200960,1
1384203060,1
1384203360,1
1384203480,1
1384203600,1
1384204680,1
1384205040,1
1384206240,1
1384206300,1
1384206420,1
1384206900,1
1384207800,1
1384207920,1
1384209120,1
1384209420,2
1384209600,1
1384209840,1
1384210140,3
1384210260,1
1384210740,1
1384210920,1
1384211700,1
1384212000,2
1384212240,1
1384212900,1
1384213260,1
1384213920,1
1384214040,1
1384214100,1
1384214340,1
1384214820,1
1384215360,1
1384215660,1
1384215840,1
1384216440,1
1384216800,1
1384217580,1
1384217880,1
1384218120,1
1384219020,1
1384220100,1
1384221360,1
1384222260,1
1384222920,1
1384223820,1
1384223880,1
1384248000,1
1384252680,1
1384253040,1
1384255260,1
1384255980,1
1384258260,1
1384260120,1
1384261080,1
1384261560,1
1384262280,1
1384262400,1
1384262700,1
1384263660,1
1384264500,1
1384265040,1
1384265220,1
1384265460,1
1384266000,1
1384266480,1
1384266600,1
1384267500,1
1384267560,1
1384268820,1
1384273560,1
1384275000,1
1384275180,1
1384276920,1
1384279320,1
1384280280,1
1384282560,1
1384285800,1
1384285920,1
1384290000,2
1384291620,1
1384292700,1
1384293780,1
1384293960,1
1384294140,1
1384294500,1
1384295520,1
1384295580,1
1384297620,1
1384297860,1
1384298340,1
1384298760,1
1384298880,2
1384299120,1
1384299240,1
1384299360,2
1384299780,1
1384301520,1
1384302780,1
1384302960,1
1384303560,1
1384303740,2
1384304100,1
1384304460,1
1384305600,1
1384307640,1
1384309260,1
1384315740,1
1384329900,3
1384339320,1
1384342080,2
1384343100,1
1384343220,2
1384344600,1
1384344720,1
1384344960,1
1384345980,1
1384346160,1
1384346940,1
1384347060,1
1384347540,1
1384347900,1
1384348500,1
1384348560,1
1384348680,1
1384348800,1
1384348980,1
1384349700,1
1384350300,1
1384350420,1
1384351080,1
1384351260,2
1384351860,3
1384351920,1
1384354320,1
1384354740,1
1384354920,1
1384355100,1
1384358340,2
1384358460,2
1384364160,1
1384364640,1
1384365420,1
1384365840,1
1384367220,1
1384367700,2
1384367820,1
1384369020,1
1384369260,1
1384369980,1
1384372980,1
1384373160,1
1384374240,2
1384374420,2
1384374600,1
1384375380,1
1384376280,1
1384376580,3
1384376760,1
1384377720,1
1384380840,2
1384380960,1
1384381320,1
1384382760,1
1384382880,1
1384383000,2
1384383960,1
1384384020,1
1384384380,1
1384384920,1
1384385400,1
1384385640,1
1384385880,1
1384386120,2
1384386240,2
1384386300,1
1384386900,2
1384387380,1
1384387740,2
1384387920,1
1384388820,1
1384389840,1
1384390020,1
1384391040,1
1384391400,1
1384392960,2
1384393080,1
1384397400,1
1384397460,2
1384400460,1
1384401480,1
1384401840,1
1384402920,1
1384425720,1
1384426260,1
1384426800,1
1384428420,1
1384428480,2
1384429980,1
1384431480,1
1384432560,1
1384433160,1
1384433880,1
1384434120,1
1384435080,2
1384435140,2
1384435260,1
1384435620,1
1384435680,1
1384436640,1
1384437540,1
1384437720,1
1384437900,1
1384438560,1
1384438860,1
1384438920,1
1384439100,1
1384439700,1
1384440060,2
1384440360,1
1384440600,1
1384441920,1
1384442160,1
1384445880,1
1384448880,1
1384449300,1
1384449720,1
1384450500,1
1384450800,1
1384454640,1
1384455240,1
1384457100,1
1384458120,2
1384458540,1
1384458720,2
1384460040,1
1384460220,1
1384460340,1
1384461600,1
1384461660,1
1384462440,1
1384462560,1
1384462800,1
1384463220,1
1384463340,2
1384463820,1
1384463940,1
1384465680,1
1384465860,1
1384466340,1
1384466580,1
1384467060,1
1384467300,1
1384467480,1
1384467780,1
1384467840,1
1384468260,1
1384468680,1
1384468860,1
1384470660,2
1384471140,1
1384471320,1
1384471560,1
1384471620,1
1384471920,2
1384472280,2
1384472580,2
1384472700,1
1384473240,1
1384473540,1
1384473960,1
1384474560,1
1384475100,3
1384475220,2
1384475820,1
1384475880,1
1384476720,2
1384477320,1
1384477560,1
1384479240,2
1384479360,1
1384479660,1
1384480500,1
1384480680,1
1384481400,1
1384485000,1
1384488840,1
1384489020,1
1384490280,1
1384511160,1
1384511220,1
1384512000,1
1384513320,1
1384515120,1
1384516620,2
1384517220,1
1384517340,1
1384519980,1
1384520280,1
1384520640,2
1384520700,1
1384520760,1
1384522440,1
1384522680,1
1384523100,1
1384523160,1
1384523340,2
1384523520,1
1384523700,1
1384523820,1
1384524120,1
1384524300,1
1384524720,2
1384525200,1
1384525320,1
1384526100,1
1384526160,1
1384526940,1
1384527120,1
1384527420,1
1384527840,1
1384528440,1
1384531140,1
1384531740,1
1384534080,1
1384534500,1
1384535760,1
1384536060,1
1384536240,1
1384538880,1
1384539360,1
1384539540,1
1384540620,1
1384542420,1
1384542540,1
1384544400,1
1384544880,1
1384545240,2
1384545420,1
1384545960,1
1384546620,2
1384546740,2
1384546980,1
1384547160,1
1384547400,2
1384547760,1
1384548000,1
1384549380,2
1384549920,2
1384550400,1
1384551120,1
1384551180,1
1384551540,1
1384552080,1
1384552620,1
1384553040,1
1384553400,1
1384553700,1
1384554600,1
1384554720,1
1384555380,1
1384555500,1
1384555920,1
1384557000,1
1384558020,1
1384558200,1
1384558680,2
1384558800,1
1384559040,1
1384559640,1
1384560000,1
1384560120,1
1384560480,3
1384560780,1
1384562640,1
1384563120,1
1384565580,1
1384567620,1
1384567800,1
1384568700,1
1384568880,1
1384570680,1
1384571940,1
1384573080,1
1384574580,1
1384577280,1
1384591620,1
1384603620,1
1384605660,1
1384605840,1
1384606620,1
1384606800,1
1384606920,1
1384609260,1
1384609560,1
1384611360,1
1384612020,1
1384612200,1
1384613820,1
1384615080,1
1384615200,1
1384615380,2
1384616640,1
1384617000,1
1384617180,1
1384617480,1
1384617600,2
1384618440,1
1384619160,1
1384619520,1
1384620120,1
1384620600,1
1384620720,2
1384620900,1
1384621320,1
1384621440,1
1384621740,1
1384621980,2
1384622340,1
1384623000,1
1384623180,1
1384623480,1
1384624740,1
1384625580,3
1384631100,1
1384631760,2
1384632780,1
1384632900,1
1384633620,1
1384634100,1
1384634280,1
1384634760,1
1384634940,3
1384635060,3
1384635180,1
1384635360,2
1384636080,4
1384636440,2
1384636620,2
1384636800,1
1384640400,1
1384640640,1
1384640760,1
1384643100,1
1384643160,1
1384643280,1
1384644120,1
1384645740,1
1384646220,1
1384648860,1
1384650840,1
1384651320,1
1384651380,2
1384654680,1
1384655700,1
1384656660,3
1384662360,1
1384694160,1
1384695660,1
1384696080,1
1384696140,1
1384697100,1
1384697640,1
1384698000,1
1384699440,1
1384704240,1
1384704480,1
1384705740,1
1384707600,1
1384707780,1
1384708620,2
1384709280,1
1384709460,1
1384710480,1
1384710660,1
1384713600,1
1384714500,1
1384714680,1
1384716660,1
1384716780,1
1384719060,1
1384720800,2
1384720980,1
1384721340,1
1384722480,2
1384722660,2
1384723260,2
1384723800,1
1384724040,1
1384724460,1
1384725000,1
1384725120,1
1384725540,1
1384726380,1
1384728000,1
1384728240,2
1384728300,2
1384728720,1
1384729020,1
1384729500,2
1384730160,1
1384731660,1
1384732260,1
1384732500,3
1384733340,1
1384735200,1
1384736700,3
1384748400,1
1384748700,1
1384768440,1
1384768620,1
1384771980,1
1384772340,1
1384773240,1
1384774620,1
1384774860,1
1384775400,1
1384775520,2
1384775640,1
1384776840,1
1384778280,1
1384778820,1
1384779000,1
1384780860,1
1384781280,1
1384782120,1
1384782660,1
1384782900,1
1384783380,1
1384784040,1
1384784160,1
1384787520,1
1384787640,1
1384789140,1
1384790220,1
1384791840,1
1384794480,1
1384798020,1
1384799520,1
1384801200,1
1384801380,2
1384801560,1
1384801860,1
1384801980,1
1384803960,1
1384805160,1
1384806360,1
1384808220,1
1384808940,1
1384809780,1
1384810020,1
1384810500,2
1384811220,1
1384812900,1
1384813620,1
1384813740,1
1384813860,1
1384814160,1
1384814760,1
1384814820,1
1384815000,1
1384815060,1
1384815840,1
1384815960,1
1384816080,1
1384816800,1
1384817040,1
1384817460,1
1384818180,1
1384818360,1
1384818540,1
1384818840,1
1384819080,2
1384819320,1
1384819440,1
1384820220,1
1384821240,2
1384821360,1
1384821840,1
1384822140,1
1384822560,1
1384822740,2
1384824180,1
1384825260,1
1384825620,2
1384825920,1
1384826220,1
1384827180,1
1384828920,1
1384829640,1
1384830060,1
1384831140,1
1384832340,1
1384857480,1
1384857660,1
1384857780,1
1384857960,1
1384858440,1
1384859460,1
1384861140,1
1384861380,1
1384862580,1
1384865220,1
1384865400,1
1384865760,2
1384866240,1
1384866360,1
1384867080,1
1384867260,1
1384867320,2
1384868700,1
1384869060,1
1384869180,3
1384869480,1
1384869660,2
1384869720,1
1384870620,1
1384871100,1
1384871340,1
1384872000,1
1384872120,1
1384872960,1
1384874400,1
1384876200,1
1384876380,1
1384877760,1
1384879380,1
1384881720,1
1384883640,1
1384885020,1
1384885200,1
1384886880,1
1384887720,1
1384888080,2
1384888860,1
1384891020,1
1384891620,1
1384891800,1
1384893180,1
1384893960,1
1384894140,1
1384894920,1
1384896060,1
1384896840,1
1384897680,1
1384897740,1
1384898040,1
1384898640,1
1384899000,1
1384899300,1
1384899660,1
1384899840,1
1384900740,1
1384901400,2
1385589480,1
1385591100,1
1385591400,1
1385591820,1
1385592420,1
1385593200,1
1385593920,1
1385594340,1
1385610960,1
1385643120,1
1385644620,1
1385646240,1
1385649540,1
1385653620,1
1385654820,1
1385655780,2
1385656740,1
1385656920,1
1385657340,1
1385658120,1
1385658180,1
1385658240,1
1385658720,1
1385659260,1
1385660820,1
1385663520,1
1385669460,1
1385669520,1
1385673900,1
1385675040,1
1385675820,1
1385680020,1
1385686320,1
1385687520,1
1385690820,1
1385692020,1
1385693520,1
1385694720,1
1385710320,1
1385711760,1
1385711820,1
1385712120,1
1385715420,1
1385725320,1
1385732220,1
1385734320,1
1385736420,2
1385736900,2
1385737560,1
1385738400,1
1385739840,1
1385740620,1
1385742060,1
1385742720,1
1385744580,1
1385745060,1
1385746380,1
1385747760,1
1385749320,1
1385749440,1
1385749680,1
1385749740,1
1385750820,1
1385751180,1
1385752200,1
1385752320,1
1385752920,1
1385753280,1
1385754420,1
1385755260,1
1385755980,1
1385757660,1
1385757720,2
1385759100,1
1385759880,1
1385761500,1
1385761620,1
1385762280,1
1385762760,1
1385763480,1
1385763900,1
1385764380,1
1385764680,1
1385764920,1
1385765280,1
1385766300,1
1385766780,1
1385768220,1
1385773320,1
1385773800,1
1385779500,1
1385779620,1
1385780220,1
1385782020,1
1385783880,1
1385789700,2
1385794620,1
1385797320,1
1385805420,1
1385808420,1
1385815680,1
1385816520,1
1385817720,1
1385817780,1
1385821020,1
1385822280,1
1385823360,1
1385823420,1
1385825220,1
1385828220,1
1385828640,1
1385828880,1
1385828940,1
1385829420,1
1385830560,1
1385831820,1
1385832180,1
1385834760,1
1385835360,1
1385838060,1
1385838240,1
1385838300,1
1385838720,1
1385838900,1
1385840040,1
1385840820,1
1385842080,1
1385844420,1
1385845020,2
1385846700,1
1385846820,1
1385848260,1
1385848980,1
1385849100,1
1385849220,1
1385849280,1
1385851200,1
1385851260,1
1385851320,1
1385853240,1
1385865240,1
1385898420,1
1385899260,1
1385901780,1
1385903340,1
1385905800,2
1385907720,1
1385907780,1
1385908860,1
1385909820,1
1385910480,1
1385911080,1
1385911620,1
1385912640,1
1385913900,1
1385914020,1
1385914980,1
1385918040,1
1385918280,1
1385918340,2
1385918760,2
1385919780,1
1385919840,2
1385919900,1
1385920020,1
1385920620,2
1385920740,1
1385922180,1
1385922240,1
1385922300,2
1385922780,1
1385924700,1
1385925420,1
1385926020,1
1385926380,1
1385927220,1
1385929560,1
1385930280,1
1385931120,1
1385931780,1
1385931900,1
1385932080,1
1385933700,1
1385934180,1
1385934540,1
1385936640,1
1385937360,1
1385940540,1
1385940900,1
1385941560,1
1385941620,1
1385943180,1
1385946180,1
1385947740,1
1385954340,1
1385976720,3
1385980740,1
1385980800,1
1385981220,1
1385982660,1
1385984280,1
1385984460,1
1385984820,1
1385985120,1
1385987220,1
1385988300,1
1385988840,1
1385989080,1
1385989320,2
1385989380,1
1385989560,1
1385989980,1
1385990040,1
1385992080,1
1385992320,1
1385992560,1
1385993040,1
1385993460,1
1385995320,1
1385998320,1
1386001860,1
1386002340,1
1386003480,1
1386004200,1
1386008040,1
1386008460,1
1386009240,1
1386009360,1
1386014340,2
1386014520,1
1386014940,1
1386016080,2
1386017760,1
1386018180,1
1386018360,1
1386018480,1
1386018600,1
1386018900,1
1386019080,1
1386019500,2
1386020100,1
1386020220,1
1386020400,1
1386021000,1
1386021120,1
1386022200,1
1386022680,1
1386022920,2
1386023760,1
1386024360,1
1386024720,1
1386024900,1
1386025080,1
1386025860,1
1386026040,1
1386026520,1
1386026880,1
1386026940,1
1386027180,1
1386027240,1
1386027300,2
1386027360,1
1386027780,1
1386027900,1
1386028140,1
1386028200,1
1386028500,2
1386028620,1
1386028800,1
1386028920,1
1386029160,1
1386030120,1
1386032220,1
1386032400,1
1386033960,2
1386034800,1
1386036480,1
1386036960,1
1386037560,1
1386038280,1
1386038520,1
1386038700,1
1386066660,1
1386067080,1
1386068100,1
1386071280,1
1386071340,2
1386072240,1
1386072300,1
1386072600,1
1386073440,1
1386074760,1
1386075600,1
1386075780,1
1386076320,1
1386076500,1
1386076740,1
1386077040,1
1386077520,1
1386077940,1
1386078180,1
1386078600,1
1386079080,1
1386079200,2
1386079440,1
1386080340,1
1386080400,1
1386081060,1
1386081120,1
1386081300,1
1386081480,1
1386082020,1
1386082380,1
1386082620,1
1386088800,1
1386091260,1
1386091620,1
1386093720,2
1386094020,1
1386094680,2
1386095100,1
1386098340,1
1386099180,1
1386100380,1
1386101100,1
1386102600,1
1386103020,1
1386103980,1
1386104400,1
1386104520,1
1386106020,1
1386106200,1
1386106320,1
1386107700,1
1386108420,1
1386108780,1
1386108960,1
1386109500,1
1386110100,1
1386110640,1
1386111480,1
1386111540,1
1386112440,1
1386112800,1
1386113640,1
1386113700,2
1386113820,1
1386114240,1
1386114600,1
1386114900,1
1386115260,1
1386115800,1
1386116280,1
1386116400,1
1386116820,1
1386117180,1
1386117420,1
1386117840,1
1386118680,1
1386118740,1
1386119160,1
1386119220,1
1386119940,1
1386120000,1
1386120360,1
1386120540,1
1386121200,1
1386128820,1
1386130020,1
1386152880,1
1386153660,2
1386154740,1
1386155400,1
1386156480,1
1386156960,1
1386157200,2
1386157320,1
1386158520,1
1386158640,1
1386159780,1
1386160500,1
1386161820,1
1386163680,1
1386164820,1
1386165660,1
1386166260,2
1386166440,1
1386166620,1
1386166980,1
1386167400,1
1386167520,1
1386167640,1
1386168180,1
1386168540,1
1386174240,1
1386174660,15
1386175140,1
1386175380,1
1386175980,1
1386177180,1
1386178680,1
1386179820,1
1386180240,1
1386184740,1
1386185580,1
1386186120,2
1386186300,1
1386186480,1
1386186600,1
1386186720,1
1386187620,1
1386188220,1
1386188280,1
1386188760,1
1386189120,1
1386189300,1
1386189420,3
1386190320,1
1386190500,1
1386190980,2
1386191400,1
1386191760,1
1386192180,1
1386193140,1
1386195120,1
1386195480,1
1386195600,1
1386195780,1
1386195960,1
1386196080,1
1386196260,1
1386197100,1
1386197340,1
1386197400,2
1386197460,1
1386197520,1
1386198600,1
1386198780,1
1386198840,1
1386199320,1
1386199380,1
1386199500,1
1386199560,2
1386200040,1
1386200100,1
1386200220,1
1386201060,1
1386201180,1
1386201600,1
1386201720,1
1386203700,1
1386203760,1
1386204120,1
1386204960,1
1386205260,2
1386205380,1
1386207720,1
1386207960,1
1386208920,1
1386209400,1
1386215040,1
1386215880,1
1386218220,1
1386238320,1
1386239580,1
1386240120,1
1386240300,1
1386241140,1
1386243000,1
1386245820,1
1386248100,1
1386248280,1
1386248460,1
1386250020,1
1386250980,1
1386251220,1
1386251700,1
1386252060,1
1386252120,1
1386252480,1
1386252600,2
1386252960,1
1386253140,1
1386253260,2
1386253500,1
1386253920,2
1386254400,1
1386254940,1
1386255660,1
1386256020,1
1386257100,1
1386257580,1
1386260280,1
1386260520,1
1386261480,1
1386263160,1
1386264000,1
1386264180,1
1386264540,1
1386264720,1
1386265620,1
1386265920,1
1386267960,1
1386268800,1
1386269460,3
1386270120,1
1386270300,1
1386271020,1
1386271260,1
1386271980,1
1386272040,1
1386272280,1
1386272640,1
1386274320,1
1386274920,1
1386275340,1
1386275580,1
1386276720,1
1386276780,1
1386277380,1
1386277680,1
1386279000,1
1386279780,1
1386279840,1
1386280260,1
1386281460,1
1386281760,1
1386282480,1
1386282600,1
1386282660,2
1386283020,1
1386283140,1
1386283680,2
1386283920,1
1386284100,1
1386284340,1
1386284820,1
1386285720,1
1386286320,1
1386286740,1
1386286800,1
1386287340,1
1386287400,1
1386287820,1
1386287940,1
1386288480,2
1386288540,1
1386288600,1
1386290100,1
1386290520,1
1386291120,1
1386291180,1
1386291240,1
1386291300,2
1386291720,1
1386293940,1
1386294600,1
1386294720,1
1386295980,1
1386297780,1
1386299580,1
1386299880,1
1386326340,1
1386327180,1
1386329220,1
1386331380,1
1386334680,2
1386335220,1
1386335760,1
1386336240,1
1386336420,1
1386336960,1
1386337680,1
1386337980,1
1386338220,1
1386338340,2
1386338400,1
1386339480,1
1386340020,1
1386340620,1
1386342120,1
1386343560,1
1386343620,1
1386346320,1
1386348060,1
1386350220,1
1386350520,1
1386351180,1
1386352980,2
1386354420,1
1386355620,1
1386356460,1
1386356700,1
1386357420,1
1386359520,1
1386360000,1
1386360120,1
1386360420,1
1386361020,1
1386361080,1
1386361620,1
1386362640,1
1386362820,1
1386363780,1
1386365820,1
1386366420,1
1386367320,1
1386368520,1
1386369780,1
1386370080,1
1386370440,2
1386370560,1
1386371220,1
1386371880,1
1386372180,1
1386372540,1
1386372720,1
1386373920,1
1386374220,1
1386374280,1
1386374640,1
1386376020,1
1386376620,1
1386377220,1
1386380820,1
1386392220,1
1386392820,1
1386393720,1
1386394320,1
1386395520,1
1386397020,1
1386399420,1
1386404520,1
1386407220,1
1386416820,1
1386420060,1
1386420480,1
1386420960,1
1386421260,1
1386421320,1
1386422400,1
1386422520,1
1386422700,1
1386423300,2
1386423360,1
1386425040,1
1386425220,1
1386426720,1
1386426840,1
1386427320,1
1386427920,1
1386428760,1
1386429240,1
1386430020,1
1386430980,1
1386431640,1
1386432120,1
1386432420,1
1386433920,1
1386435180,1
1386435660,1
1386435900,1
1386439020,1
1386439560,1
1386439740,1
1386440040,1
1386440880,1
1386443040,1
1386443100,1
1386443280,1
1386443700,1
1386444660,1
1386446580,1
1386447180,1
1386447420,1
1386448740,1
1386448800,1
1386448860,1
1386450120,1
1386450420,1
1386451320,1
1386451620,2
1386452220,1
1386452400,1
1386452940,1
1386453240,1
1386454080,1
1386454620,1
1386455160,1
1386458460,1
1386459060,1
1386459660,1
1386459720,1
1386460140,1
1386460200,1
1386460260,1
1386463020,1
1386464280,1
1386464760,1
1386464820,1
1386469620,1
1386472620,1
1386474900,1
1386475920,1
1386476520,1
1386478920,1
1386480120,1
1386482520,1
1386487620,1
1386488220,1
1386497220,1
1386497820,1
1386504420,1
1386505320,1
1386507180,1
1386507300,1
1386507720,1
1386508620,1
1386508920,1
1386509820,1
1386510420,1
1386511620,1
1386513960,1
1386514140,1
1386514980,1
1386515280,1
1386515460,1
1386517380,1
1386517620,1
1386517680,1
1386517860,1
1386518340,1
1386518880,1
1386518940,1
1386519120,1
1386520860,1
1386521040,1
1386522240,1
1386522960,1
1386523020,1
1386523080,1
1386524820,2
1386526320,2
1386526920,1
1386527700,1
1386527940,1
1386528420,1
1386528780,1
1386529500,1
1386530340,1
1386530820,1
1386531900,1
1386532080,1
1386532320,1
1386533220,1
1386534120,1
1386534720,1
1386536760,1
1386536880,1
1386537120,1
1386537360,1
1386537780,1
1386538260,1
1386538920,1
1386539100,1
1386539520,1
1386540120,1
1386541020,1
1386541920,1
1386543120,1
1386543720,1
1386544200,1
1386544620,1
1386545460,1
1386546180,1
1386546420,1
1386547620,1
1386547920,1
1386548520,1
1386550320,1
1386550920,1
1386551520,1
1386553620,1
1386554220,1
1386555120,1
1386556020,1
1386557520,1
1386558720,1
1386559920,1
1386561420,1
1386562920,1
1386565020,1
1386565620,1
1386566520,1
1386568020,1
1386569520,1
1386571020,1
1386572820,1
1386573420,1
1386574320,1
1386575520,1
1386576120,1
1386577320,1
1386578220,1
1386579120,1
1386579720,3
1386580620,1
1386582420,1
1386584820,1
1386585720,1
1386586620,1
1386587520,1
1386588120,1
1386588720,1
1386589320,1
1386589920,1
1386591120,1
1386592920,1
1386593040,1
1386593400,1
1386593820,2
1386593880,1
1386594480,1
1386595020,1
1386596580,1
1386596820,1
1386597420,2
1386598020,1
1386598620,1
1386599220,1
1386600120,1
1386601020,1
1386601920,1
1386603120,2
1386604320,1
1386604560,1
1386604620,1
1386605520,1
1386606720,1
1386609120,1
1386610320,1
1386612300,1
1386613140,1
1386613620,1
1386618300,1
1386622020,1
1386622380,1
1386624480,1
1386626940,1
1386627780,1
1386629280,1
1386629580,1
1386629880,1
1386630480,1
1386633960,1
1386634740,1
1386635220,1
1386635460,1
1386635820,2
1386637860,1
1386640860,1
1386643860,1
1386671940,1
1386672060,1
1386672240,1
1386677700,1
1386678240,1
1386679020,1
1386679440,1
1386679980,1
1386680280,1
1386680880,1
1386680940,1
1386681000,1
1386681600,1
1386683220,1
1386683460,1
1386683820,1
1386683880,1
1386685560,1
1386686220,1
1386686640,1
1386687420,1
1386688920,1
1386690960,1
1386693120,1
1386694920,1
1386695580,1
1386697020,1
1386697620,1
1386697860,1
1386698520,1
1386699420,1
1386700560,1
1386700920,1
1386701520,1
1386702120,1
1386703200,1
1386703620,1
1386703860,1
1386705420,1
1386706320,1
1386708120,1
1386708720,1
1386709680,1
1386710220,1
1386710760,1
1386711720,1
1386713700,1
1386713820,1
1386714600,1
1386714960,1
1386715380,1
1386715500,1
1386716220,1
1386717120,1
1386717960,1
1386718320,1
1386718440,1
1386719160,1
1386719340,1
1386719520,1
1386720120,1
1386720420,1
1386720480,2
1386720720,1
1386721380,1
1386721620,1
1386722940,1
1386723360,1
1386723540,1
1386723900,1
1386724380,1
1386724680,1
1386727440,1
1386729960,1
1386747540,1
1386757920,1
1386758340,1
1386761760,1
1386763800,1
1386763920,1
1386766020,1
1386766560,1
1386767340,1
1386767640,1
1386769320,1
1386770100,2
1386770220,2
1386770580,1
1386770880,1
1386771180,1
1386771600,1
1386771840,2
1386771900,1
1386772080,1
1386772320,2
1386772800,1
1386773820,1
1386776520,1
1386781860,1
1386782640,1
1386783660,1
1386785160,1
1386786660,1
1386789300,1
1386789900,1
1386790380,1
1386792060,1
1386792120,1
1386792300,1
1386793320,1
1386793500,1
1386795900,1
1386796980,1
1386797220,1
1386797340,1
1386797520,1
1386799620,1
1386800100,1
1386800280,1
1386800640,1
1386800760,1
1386801840,1
1386801900,1
1386801960,1
1386802020,1
1386802200,1
1386802380,1
1386802980,1
1386803040,1
1386803340,1
1386803940,2
1386804060,1
1386804180,1
1386804480,1
1386804900,2
1386805200,1
1386805680,1
1386805800,1
1386805860,1
1386806100,1
1386807480,1
1386807600,1
1386808860,1
1386809700,1
1386813360,1
1386814020,1
1386818700,1
1386820020,1
1386820620,1
1386844680,1
1386845160,1
1386845880,1
1386847620,1
1386848160,1
1386850800,1
1386852300,1
1386852780,1
1386853020,1
1386853800,1
1386853860,1
1386854460,1
1386856200,1
1386856320,1
1386856740,1
1386856980,1
1386857280,1
1386857760,1
1386857880,2
1386858180,1
1386858600,1
1386858900,1
1386859320,1
1386861360,1
1386861420,1
1386862080,1
1386862560,1
1386863640,1
1386865320,1
1386867540,2
1386868380,1
1386869220,1
1386869280,1
1386874560,1
1386875160,1
1386876060,1
1386876780,1
1386877020,1
1386877740,1
1386878160,1
1386882000,1
1386882420,1
1386884580,1
1386885420,1
1386885600,1
1386886140,1
1386886800,1
1386887760,1
1386888060,1
1386888600,1
1386888660,1
1386889140,1
1386889740,1
1386889980,1
1386890700,1
1386890940,2
1386891180,1
1386892140,1
1386892440,1
1386892800,1
1386893160,1
1386893460,1
1386893520,1
1386895260,1
1386895620,1
1386897180,1
1386897960,1
1386898020,1
1386899160,1
1386900060,1
1386901920,1
1386902460,1
1386906660,1
1386908760,1
1386909180,1
1386910260,1
1386911460,1
1386912360,1
1386913260,1
1386914760,1
1386915660,2
1386917460,1
1386918360,1
1386918840,1
1386921660,1
1386923160,1
1386924360,1
1386924960,1
1386925560,1
1386927360,1
1386927960,1
1386928560,1
1386930360,1
1386931320,1
1386931380,1
1386931860,2
1386932760,1
1386933240,1
1386933960,1
1386934860,1
1386935340,1
1386935460,1
1386936660,1
1386938460,1
1386940140,1
1386940260,1
1386940800,1
1386941040,1
1386941160,1
1386941700,1
1386942360,1
1386942840,1
1386943260,1
1386943740,1
1386943860,1
1386944160,1
1386945060,1
1386945480,1
1386945660,2
1386945720,1
1386946260,1
1386946560,1
1386946920,1
1386947040,1
1386947220,1
1386948420,1
1386949860,1
1386951840,1
1386951900,1
1386952140,1
1386952620,1
1386953760,1
1386955800,1
1386955920,1
1386957060,1
1386957900,1
1386958980,1
1386960660,1
1386961500,1
1386963900,1
1386965220,1
1386965520,1
1386965880,1
1386966300,1
1386966360,1
1386966960,1
1386967320,1
1386967860,2
1386968820,1
1386969000,1
1386969120,1
1386969600,1
1386969720,1
1386970380,1
1386970800,1
1386970920,1
1386971820,1
1386972720,1
1386973320,1
1386975360,1
1386975480,1
1386975900,2
1386976080,1
1386976260,1
1386976320,1
1386976680,1
1386976800,1
1386977100,1
1386978240,1
1386979380,1
1386979560,1
1386979680,1
1386980460,1
1386980520,1
1386980580,1
1386980640,1
1386980820,1
1386981180,1
1386982920,1
1386986160,1
1386987660,1
1386999480,1
1387001580,1
1387014480,1
1387025280,1
1387025880,1
1387026000,1
1387026360,1
1387026420,1
1387026720,1
1387026780,1
1387027620,1
1387028760,1
1387029120,1
1387029300,2
1387029720,1
1387030320,1
1387030920,1
1387030980,2
1387031520,1
1387032720,1
1387032780,1
1387033320,1
1387033920,1
1387034820,1
1387035300,1
1387036020,1
1387036620,1
1387037220,1
1387038720,1
1387045620,1
1387045800,1
1387046220,1
1387046820,1
1387047420,1
1387048020,1
1387048620,1
1387049220,1
1387049820,1
1387051020,1
1387051800,1
1387051920,1
1387052160,1
1387053660,1
1387054320,1
1387055520,1
1387057620,1
1387058820,1
1387059420,1
1387060020,1
1387061220,1
1387061820,1
1387062720,1
1387063320,1
1387066620,1
1387067520,1
1387068720,1
1387069320,1
1387069920,1
1387070820,2
1387072320,1
1387072920,1
1387075020,1
1387076220,1
1387077720,1
1387081320,1
1387081920,1
1387084620,1
1387084920,1
1387089120,1
1387089720,1
1387091520,2
1387092420,1
1387093020,1
1387094220,1
1387095720,1
1387096620,2
1387097520,1
1387099020,1
1387100220,1
1387100820,1
1387104120,1
1387105920,1
1387106220,1
1387107720,1
1387108920,1
1387110720,1
1387112220,2
1387112820,1
1387114320,1
1387115940,1
1387117320,1
1387117440,1
1387118520,1
1387119000,1
1387119420,1
1387119720,1
1387120320,1
1387120920,2
1387122420,1
1387123320,1
1387123920,1
1387126140,1
1387126320,1
1387126920,1
1387127640,1
1387127820,1
1387129260,1
1387129320,1
1387130280,1
1387132620,1
1387135620,1
1387136520,2
1387138440,2
1387139220,1
1387140120,1
1387140780,1
1387141320,1
1387141440,1
1387141920,1
1387142520,1
1387142940,1
1387143420,1
1387144320,1
1387144740,1
1387144980,1
1387145820,1
1387146300,1
1387147500,1
1387147560,1
1387147680,1
1387149120,1
1387149420,2
1387149480,1
1387150320,2
1387150680,1
1387151220,1
1387152420,1
1387154220,1
1387159380,1
1387190400,1
1387190520,1
1387192920,1
1387193640,1
1387194540,1
1387194960,1
1387195260,1
1387198200,1
1387198500,1
1387199640,1
1387201620,1
1387202220,1
1387202280,1
1387202520,1
1387203420,2
1387203720,1
1387204320,1
1387204500,1
1387204920,1
1387205520,1
1387205820,1
1387205880,1
1387207020,1
1387207080,1
1387207620,1
1387208760,1
1387208940,1
1387210020,1
1387212840,1
1387213140,1
1387214640,1
1387218900,1
1387220520,1
1387223220,1
1387223400,1
1387224600,1
1387224660,1
1387225140,1
1387225680,1
1387226520,1
1387226640,1
1387227300,1
1387228560,1
1387230600,1
1387231320,1
1387231920,1
1387232700,1
1387232880,1
1387234500,1
1387235340,1
1387236300,1
1387236360,1
1387236420,1
1387236900,1
1387237140,1
1387237860,1
1387237920,1
1387240320,2
1387240860,1
1387240920,1
1387241100,1
1387242420,1
1387243620,1
1387246140,1
1387247100,1
1387276740,1
1387277880,1
1387279200,1
1387280220,1
1387280760,1
1387282380,1
1387285800,1
1387287420,1
1387288020,1
1387288680,1
1387288920,1
1387289700,1
1387289820,1
1387290420,1
1387290540,1
1387290660,1
1387293660,1
1387294860,1
1387294980,1
1387295820,1
1387296360,1
1387296420,1
1387297020,1
1387297920,1
1387302720,1
1387304880,1
1387306320,1
1387308660,1
1387310640,1
1387311120,1
1387312800,1
1387313760,1
1387314720,1
1387317420,3
1387318620,1
1387322400,1
1387322700,1
1387323720,1
1387324260,1
1387325820,1
1387326060,1
1387328100,1
1387330080,1
1387335720,1
1387339920,1
1387362000,1
1387363200,1
1387366200,1
1387366380,1
1387367220,1
1387368120,1
1387369200,1
1387369980,1
1387371300,1
1387371840,1
1387372500,2
1387373160,1
1387373280,1
1387374960,1
1387375620,1
1387375680,1
1387375980,1
1387376460,1
1387376880,1
1387381800,1
1387382220,1
1387384620,1
1387385520,1
1387387920,1
1387388520,1
1387388820,1
1387389000,1
1387389660,1
1387390140,1
1387392420,1
1387393080,1
1387395120,1
1387396320,1
1387397220,1
1387398120,1
1387398420,1
1387398900,1
1387399020,1
1387399380,1
1387399500,1
1387400820,1
1387401420,1
1387401780,1
1387402500,1
1387404120,2
1387404300,1
1387404600,1
1387405260,1
1387405320,1
1387405860,1
1387406400,1
1387406820,1
1387407240,2
1387407840,1
1387408080,1
1387409340,1
1387411080,1
1387411680,1
1387411980,1
1387414380,1
1387414920,1
1387416780,1
1387449180,1
1387449900,1
1387451280,1
1387452480,1
1387453140,1
1387453980,1
1387458420,1
1387458540,1
1387458900,1
1387460520,1
1387461300,1
1387461360,2
1387461480,1
1387462140,1
1387462200,1
1387462380,1
1387462440,1
1387462860,1
1387462920,1
1387463280,1
1387463940,1
1387464060,1
1387464480,1
1387466400,1
1387466520,1
1387467720,1
1387472640,1
1387473000,1
1387473900,1
1387474320,1
1387476120,1
1387476360,1
1387477320,1
1387481280,1
1387482060,1
1387482960,1
1387484280,1
1387485060,1
1387486320,1
1387488720,1
1387489320,1
1387490100,2
1387492680,1
1387494120,2
1387494420,2
1387494960,1
1387495260,2
1387495440,1
1387495560,1
1387496160,1
1387496220,1
1387496640,1
1387497300,1
1387497360,1
1387497480,1
1387497780,1
1387498440,2
1387499100,1
1387501680,1
1387502340,1
1387515900,4
1387515960,1
1387516020,1
1387516320,4
1387516620,2
1387535940,1
1387538100,1
1387540140,1
1387541460,1
1387543260,2
1387544100,1
1387544700,1
1387545300,1
1387546680,1
1387546980,1
1387547280,1
1387547460,1
1387547760,1
1387547940,1
1387548060,1
1387548420,1
1387548480,1
1387548960,1
1387549800,1
1387550220,1
1387551000,1
1387552020,1
1387552620,2
1387554120,1
1387559400,1
1387560840,1
1387562520,1
1387562580,1
1387565100,1
1387565340,1
1387567200,1
1387568580,1
1387570320,1
1387571340,1
1387571580,1
1387573140,1
1387573320,1
1387574220,1
1387575180,1
1387575420,1
1387575600,1
1387575660,1
1387575720,1
1387575960,1
1387576320,1
1387576560,1
1387576740,1
1387577520,1
1387578060,1
1387578120,1
1387578420,1
1387578540,1
1387578900,1
1387579200,1
1387579920,1
1387580580,1
1387580700,2
1387580820,1
1387581540,1
1387582020,1
1387582380,1
1387582920,1
1387584120,2
1387584480,1
1387585320,1
1387586160,1
1387586820,1
1387587720,1
1387589220,1
1387590120,1
1387590180,1
1387590720,1
1387594200,1
1387597080,1
1387600320,1
1387611120,1
1387611420,1
1387629000,1
1387629840,1
1387634040,1
1387634100,1
1387635060,1
1387635420,1
1387636500,1
1387636740,1
1387638840,1
1387640040,1
1387640220,1
1387640760,1
1387640820,1
1387641120,1
1387641360,1
1387641480,1
1387641720,1
1387644960,1
1387646280,2
1387647120,1
1387647300,2
1387648080,1
1387648200,1
1387648620,1
1387649160,1
1387649220,1
1387650360,1
1387650420,2
1387651080,1
1387653060,1
1387654020,1
1387654440,1
1387655580,1
1387656060,1
1387656480,2
1387656840,2
1387657740,1
1387658160,1
1387658940,1
1387659360,1
1387659540,1
1387659720,1
1387660260,1
1387660320,1
1387660740,1
1387661400,1
1387661460,1
1387662180,1
1387662360,1
1387665360,1
1387665720,1
1387666680,1
1387666860,1
1387667100,1
1387667280,1
1387670820,1
1387671660,1
1387674360,2
1387680000,1
1387689000,1
1387717260,1
1387719120,1
1387719240,1
1387719540,1
1387721520,1
1387723320,1
1387723980,1
1387724040,1
1387724700,1
1387725420,1
1387725600,1
1387726140,2
1387728720,1
1387729440,1
1387729740,1
1387730400,1
1387731180,1
1387731660,1
1387732560,1
1387733160,2
1387733400,1
1387733460,1
1387734000,1
1387735440,1
1387737120,1
1387739820,1
1387740000,1
1387740960,1
1387742520,1
1387743240,4
1387744320,1
1387745820,1
1387746420,1
1387747080,2
1387747740,1
1387747920,2
1387748760,1
1387748820,1
1387749120,1
1387752540,1
1387752960,1
1387753560,1
1387753620,1
1387755180,1
1387767240,1
1387768680,2
1387769820,1
1387773720,1
1387784220,1
1387797720,1
1387804140,1
1387809120,1
1387810200,1
1387812600,1
1387813920,1
1387818060,1
1387819260,1
1387820760,1
1387820820,1
1387826580,1
1387830840,1
1387831860,1
1387834500,1
1387837020,1
1387838040,1
1387838760,1
1387839600,1
1387839720,2
1387840920,1
1387841400,1
1387845300,1
1387846200,1
1387887180,1
1387891800,1
1387892760,1
1387893180,2
1387894260,1
1387894320,1
1387895640,1
1387901700,3
1387901760,1
1387901820,1
1387905540,1
1387906020,1
1387908780,1
1387908840,1
1387909080,2
1387909860,1
1387912380,1
1387913220,1
1387913640,1
1387914900,1
1387915680,1
1387916220,1
1387916520,1
1387917360,1
1387917480,1
1387918980,1
1387919880,2
1387920180,1
1387929120,1
1387929720,1
1387935060,2
1387936920,1
1387940820,1
1387948020,1
1387973820,1
1387977720,1
1387984920,1
1387987620,1
1387998420,1
1388000460,1
1388000520,1
1388001120,2
1388005020,1
1388007120,1
1388010120,1
1388011500,2
1388016780,1
1388017800,1
1388030820,1
1388064720,1
1388065980,1
1388067660,2
1388067720,1
1388069820,1
1388072760,1
1388072880,1
1388073000,1
1388076900,1
1388077860,1
1388077980,1
1388078940,1
1388080320,1
1388083800,1
1388084820,1
1388086320,1
1388087700,1
1388088900,1
1388092080,1
1388097600,1
1388100000,1
1388101080,2
1388101920,1
1388102520,1
1388105820,2
1388106720,1
1388107320,1
1388109120,1
1388109720,1
1388111820,1
1388112720,1
1388113620,1
1388114820,1
1388115720,1
1388119020,1
1388120220,1
1388122020,1
1388122920,1
1388125020,1
1388126520,1
1388127120,1
1388128020,1
1388128620,1
1388130120,1
1388133120,1
1388134020,1
1388134620,1
1388136420,1
1388137920,1
1388138520,1
1388139120,1
1388140920,1
1388141820,1
1388145420,1
1388147820,1
1388148720,1
1388149620,1
1388150880,1
1388152920,1
1388153280,3
1388153520,1
1388154540,1
1388155560,1
1388155980,1
1388156220,1
1388159040,1
1388161920,1
1388162520,1
1388162580,1
1388163720,1
1388166120,1
1388166720,1
1388166960,1
1388168400,1
1388168520,1
1388169000,1
1388169360,1
1388169720,4
1388170260,1
1388174340,1
1388175060,1
1388175300,1
1388176020,1
1388176200,1
1388176380,1
1388176620,3
1388179260,1
1388180220,1
1388180280,1
1388182920,1
1388183820,1
1388184420,1
1388186220,1
1388186400,2
1388187780,1
1388188260,1
1388188620,1
1388188980,1
1388189340,1
1388190420,1
1388191320,1
1388192820,1
1388193120,1
1388194800,1
1388235360,1
1388237280,1
1388238300,1
1388239740,1
1388239980,1
1388241120,1
1388242440,1
1388242740,1
1388245200,1
1388245440,1
1388245920,1
1388246100,1
1388248080,1
1388249220,1
1388249820,1
1388250600,2
1388252220,1
1388252820,2
1388253480,1
1388255400,1
1388256060,1
1388256120,2
1388257140,1
1388257500,1
1388257980,1
1388262300,1
1388262540,1
1388263200,2
1388263500,1
1388265000,3
1388265600,1
1388265960,1
1388266140,1
1388266320,1
1388266920,2
1388267520,1
1388268120,1
1388268240,2
1388270640,1
1388272020,1
1388272500,1
1388272560,1
1388272620,1
1388272680,1
1388272740,1
1388273520,1
1388274180,1
1388274480,1
1388274600,1
1388275320,1
1388275440,1
1388276220,1
1388277720,1
1388279520,1
1388283720,1
1388283840,1
1388284620,1
1388285220,1
1388285820,1
1388286420,1
1388287020,1
1388288820,1
1388290320,1
1388292420,1
1388293620,1
1388296320,1
1388296920,1
1388298120,1
1388299920,1
1388302020,1
1388303220,2
1388304420,1
1388305320,1
1388306220,1
1388307120,1
1388307720,1
1388308320,1
1388308920,1
1388309520,1
1388310420,1
1388311020,1
1388312580,1
1388313720,1
1388314620,1
1388316720,1
1388317320,1
1388319420,1
1388321040,1
1388321160,1
1388321820,1
1388322840,2
1388323320,1
1388323920,1
1388324520,1
1388325420,1
1388327220,1
1388328420,1
1388329320,2
1388329920,1
1388330220,1
1388330820,1
1388331420,1
1388331480,1
1388331960,1
1388332680,1
1388332920,1
1388333040,1
1388333460,1
1388333820,1
1388336820,1
1388337720,1
1388339520,1
1388342220,1
1388344920,1
1388346120,1
1388347020,1
1388348220,1
1388350020,1
1388351220,1
1388351820,1
1388353920,1
1388354520,1
1388355120,2
1388356380,1
1388358360,1
1388358840,1
1388359200,1
1388360220,1
1388362920,1
1388378040,1
1388379720,1
1388381820,1
1388382420,1
1388383620,1
1388385120,1
1388386920,1
1388387820,1
1388391420,1
1388394120,1
1388394720,1
1388395620,1
1388397120,1
1388398020,1
1388400000,1
1388400120,1
1388401320,1
1388403420,1
1388403600,1
1388404020,1
1388404920,1
1388405100,1
1388405520,1
1388408520,1
1388409120,1
1388409180,1
1388409360,1
1388410320,1
1388410920,1
1388411880,1
1388412120,2
1388413020,1
1388413320,1
1388413920,1
1388414820,1
1388416560,1
1388417220,1
1388418420,1
1388419920,1
1388420520,3
1388421720,1
1388422320,1
1388423460,1
1388427360,2
1388428320,1
1388429040,1
1388429400,1
1388432640,3
1388434560,1
1388434980,2
1388435220,2
1388436360,1
1388438220,1
1388438520,1
1388438580,1
1388439300,1
1388439420,2
1388440320,1
1388440800,1
1388441160,1
1388441820,1
1388441880,1
1388442960,1
1388443260,1
1388444520,1
1388445720,1
1388448120,1
1388449560,1
1388449620,1
1388451120,1
1388451240,1
1388453220,1
1388454120,1
1388455320,1
1388456220,1
1388456460,1
1388460420,1
1388493540,1
1388494800,1
1388495880,1
1388496000,2
1388497020,1
1388498460,1
1388501880,1
1388503440,1
1388504460,1
1388504580,1
1388506320,1
1388506560,1
1388508720,1
1388509320,1
1388509440,1
1388510220,1
1388511120,1
1388512020,2
1388512080,3
1388512620,1
1388515380,1
1388515440,1
1388515920,1
1388517120,1
1388517840,1
1388518500,1
1388520960,1
1388522160,1
1388522880,1
1388523000,1
1388523120,1
1388523420,1
1388523900,1
1388524020,1
1388524920,1
1388527320,1
1388527920,1
1388530620,1
1388533020,1
1388540760,1
1388541720,1
1388542320,1
1388543520,1
1388546220,1
1388566320,1
1388566920,1
1388568120,1
1388574420,1
1388578320,1
1388587320,1
1388590860,1
1388593320,1
1388594040,1
1388594940,1
1388598060,1
1388599020,1
1388599080,1
1388599920,1
1388600400,1
1388601120,1
1388602080,1
1388603220,1
1388604120,1
1388604180,1
1388605020,1
1388605620,1
1388606520,1
1388607300,1
1388608140,1
1388609520,2
1388610000,1
1388610060,1
1388610720,2
1388611800,1
1388612520,1
1388614920,1
1388619120,1
1388619720,1
1388620320,1
1388623320,1
1388624220,1
1388627220,1
1388628120,1
1388629620,1
1388630220,1
1388631420,1
1388632620,1
1388634720,1
1388635320,1
1388637720,1
1388638320,1
1388639820,1
1388643420,1
1388647020,1
1388648520,1
1388650320,1
1388653620,1
1388655420,1
1388656620,1
1388659020,1
1388659920,1
1388661420,1
1388662020,1
1388666220,1
1388667120,1
1388668080,1
1388668320,1
1388668740,1
1388668920,1
1388671020,1
1388671260,1
1388671560,1
1388671800,1
1388671920,2
1388672160,1
1388672820,1
1388673120,1
1388673720,1
1388674980,1
1388675100,1
1388675220,1
1388676720,1
1388676900,1
1388677260,1
1388679120,1
1388679900,1
1388681520,1
1388682720,1
1388683560,1
1388683680,1
1388683860,1
1388685120,1
1388685360,2
1388686320,1
1388686380,1
1388686440,1
1388687220,1
1388688420,1
1388690100,1
1388690520,1
1388690880,1
1388691420,1
1388692620,1
1388693100,1
1388693220,1
1388693760,1
1388694420,1
1388695620,1
1388698320,1
1388699280,1
1388699520,1
1388700780,1
1388700900,1
1388701620,1
1388701920,2
1388702340,1
1388702700,1
1388703480,2
1388703780,1
1388704320,1
1388706120,1
1388707500,1
1388707920,2
1388708040,1
1388710320,1
1388710920,1
1388711820,1
1388712660,1
1388713920,1
1388714820,1
1388716920,1
1388717520,1
1388718120,2
1388719320,1
1388720220,1
1388721420,1
1388722020,1
1388723820,1
1388725020,1
1388725920,1
1388727840,1
1388729880,1
1388733600,1
1388734680,1
1388734860,1
1388735100,1
1388735340,1
1388735820,1
1388738220,1
1388740620,1
1388743020,1
1388748120,1
1388749320,1
1388750820,1
1388752320,1
1388752920,1
1388754120,1
1388755020,1
1388756220,1
1388757420,1
1388758620,1
1388760420,1
1388761620,1
1388762220,1
1388762400,1
1388763720,1
1388764320,1
1388765820,1
1388766420,1
1388768520,1
1388769480,1
1388770620,1
1388771520,1
1388772120,1
1388772720,1
1388773920,1
1388775720,1
1388775780,1
1388778120,1
1388779020,1
1388780820,1
1388782320,1
1388783520,1
1388784300,1
1388784420,1
1388785320,1
1388786220,1
1388787960,1
1388788200,1
1388788320,1
1388789220,1
1388790120,1
1388791020,1
1388792820,1
1388794020,1
1388794980,1
1388796720,1
1388796780,1
1388797620,1
1388798220,2
1388799720,1
1388800620,1
1388801820,1
1388802420,1
1388803920,1
1388806020,1
1388806620,1
1388807520,1
1388808720,1
1388809920,1
1388811120,1
1388813220,1
1388814120,1
1388815020,1
1388816820,1
1388817420,1
1388818020,1
1388818620,1
1388819220,1
1388819820,1
1388820420,1
1388821320,1
1388822220,1
1388822820,1
1388823720,1
1388824020,1
1388824920,1
1388825520,1
1388827320,1
1388828820,1
1388831520,1
1388832120,1
1388832720,1
1388833920,1
1388834820,1
1388836920,1
1388838720,1
1388839320,1
1388839620,1
1388839800,1
1388840220,1
1388840820,1
1388841420,1
1388842020,2
1388844420,1
1388846220,1
1388847720,1
1388848020,1
1388849820,1
1388850420,1
1388850900,1
1388851620,1
1388851920,1
1388854920,1
1388856720,1
1388857380,1
1388858520,1
1388863020,1
1388863620,1
1388864820,1
1388865420,1
1388867220,1
1388868120,1
1388871420,1
1388872020,1
1388873220,1
1388873940,1
1388874420,1
1388876820,1
1388877720,1
1388879520,1
1388881920,1
1388882520,1
1388884320,1
1388885280,1
1388885820,1
1388886420,1
1388887020,1
1388889720,2
1388889840,1
1388890320,1
1388891520,1
1388894220,1
1388896020,1
1388897520,1
1388898120,1
1388898720,1
1388899920,1
1388901120,1
1388901720,1
1388902620,1
1388903520,1
1388904720,1
1388905920,1
1388906820,1
1388907720,1
1388908320,1
1388909220,2
1388910420,1
1388911920,1
1388912220,1
1388913420,1
1388914020,1
1388914620,1
1388915520,1
1388916420,1
1388917020,1
1388918520,1
1388920320,1
1388920980,1
1388921580,1
1388922120,2
1388924160,1
1388926320,1
1388927520,1
1388928120,1
1388928780,1
1388930220,1
1388931120,1
1388933220,1
1388934120,1
1388935620,1
1388937060,1
1388937960,1
1388938500,1
1388938920,1
1388940120,1
1388941320,1
1388942520,1
1388944920,1
1388945220,1
1388946120,1
1388948220,1
1388948820,1
1388949840,1
1388950320,1
1388950860,1
1388950920,1
1388951640,1
1388952720,1
1388953560,1
1388954220,1
1388954820,1
1388955060,1
1388955300,1
1388956020,1
1388956200,1
1388956380,1
1388957520,1
1388958900,1
1388959320,1
1388960820,1
1388962320,1
1388964120,1
1388965260,1
1388965440,1
1388966220,1
1388966820,1
1388968920,1
1388970060,1
1388970420,1
1388972820,1
1388973420,1
1388974020,1
1388975220,1
1388975820,1
1388976420,1
1388977020,1
1388978520,1
1388979420,1
1388980020,1
1388980920,2
1388983020,1
1388983620,1
1388984520,1
1388985120,1
1388986020,1
1388986920,2
1388989320,1
1388990520,1
1388991120,1
1388991720,1
1388992620,1
1388994720,1
1388997720,1
1388998620,1
1389001920,1
1389003120,1
1389004980,1
1389005160,1
1389006720,1
1389007260,1
1389007560,1
1389008820,1
1389013560,1
1389016680,1
